      0.00
      2.00
      4.00
      6.00
      8.00
     10.00
     12.00
     20.00
     29.00
     40.00
     50.00
     58.00
     60.00
     70.00
     80.00
     90.00
    100.00
    110.00
    120.00
    128.00
    145.00
    153.00
    176.00
    205.00
    231.00
    270.00
    280.00
    290.00
    300.00
    320.00
    340.00
    360.00
    370.00
    400.00
    430.00
    460.00
    480.00
    500.00
    520.00
    540.00
    560.00
    580.00
    600.00
    620.00
    630.00
    680.00
    710.00
    740.00
    770.00
    800.00
    830.00
    860.00
    890.00
    911.00
    920.00
    930.00
    940.00
    950.00
    960.00
    970.00
    980.00
    995.00
   1007.00
   1017.00
   1027.00
   1035.00
   1045.00
   1057.00
   1070.00
   1080.00
   1090.00
   1100.00
   1110.00
   1120.00
   1130.00
   1140.00
   1150.00
   1157.00
   1163.00
   1170.00
   1176.00
   1183.00
   1190.00
   1198.00
   1205.00
   1212.00
   1220.00
   1227.00
   1235.00
   1242.00
   1250.00
   1258.00
   1266.00
   1274.00
   1282.00
   1290.00
   1299.00
   1307.00
   1316.00
   1324.00
   1333.00
   1342.00
   1351.00
   1360.00
   1370.00
   1379.00
   1389.00
   1408.00
   1428.00
   1449.00
   1450.00
   1470.00
   1492.00
   1515.00
   1538.00
   1562.00
   1587.00
   1613.00
   1639.00
   1667.00
   1695.00
   1724.00
   1739.00
   1754.00
   1770.00
   1786.00
   1802.00
   1818.00
   1835.00
   1852.00
   1869.00
   1887.00
   1905.00
   1923.00
   1942.00
   1961.00
   1980.00
   2000.00
   2020.00
   2041.00
   2062.00
   2083.00
   2105.00
   2128.00
   2150.00
   2174.00
   2198.00
   2222.00
   2247.00
   2273.00
   2299.00
   2326.00
   2353.00
   2381.00
   2410.00
   2439.00
   2469.00
   2500.00
   2532.00
   2564.00
   2597.00
   2632.00
   2667.00
   2703.00
   2740.00
   2778.00
   2817.00
   2857.00
   2899.00
   2900.00
   2941.00
   2985.00
   3030.00
   3077.00
   3125.00
   3175.00
   3225.00
   3275.00
   3325.00
   3375.00
   3425.00
   3475.00
   3525.00
   3575.00
   3625.00
   3675.00
   3725.00
   3775.00
   3825.00
   3875.00
   3925.00
   3975.00
   4025.00
   4075.00
   4125.00
   4175.00
   4225.00
   4275.00
   4325.00
   4375.00
   4425.00
   4475.00
   4525.00
   4575.00
   4625.00
   4675.00
   4725.00
   4775.00
   4825.00
   4875.00
   4925.00
   4975.00
   5025.00
   5075.00
   5125.00
   5175.00
   5225.00
   5275.00
   5325.00
   5375.00
   5425.00
   5475.00
   5525.00
   5575.00
   5625.00
   5675.00
   5725.00
   5775.00
   5800.00
   5825.00
   5875.00
   5925.00
   5975.00
   6025.00
   6075.00
   6125.00
   6175.00
   6225.00
   6275.00
   6325.00
   6375.00
   6425.00
   6475.00
   6550.00
   6650.00
   6750.00
   6850.00
   6950.00
   7050.00
   7150.00
   7250.00
   7350.00
   7450.00
   7550.00
   7650.00
   7750.00
   7850.00
   7950.00
   8050.00
   8150.00
   8250.00
   8350.00
   8450.00
   8550.00
   8650.00
   8750.00
   8850.00
   8950.00
   9050.00
   9150.00
   9250.00
   9350.00
   9450.00
   9550.00
   9650.00
   9750.00
   9850.00
   9950.00
  10150.00
  10750.00
  11250.00
  11750.00
  12250.00
  12750.00
  13250.00
  13750.00
  14250.00
  14500.00
  14750.00
  15250.00
  15750.00
  16250.00
  16750.00
  17250.00
  17750.00
  18250.00
  18750.00
  19250.00
  19750.00
  20375.00
  21500.00
  22500.00
  23500.00
  24500.00
  25500.00
  26500.00
  27500.00
  28500.00
  29000.00
  29500.00
  30500.00
  31500.00
  32500.00
  33500.00
  34500.00
  35500.00
  36500.00
  37500.00
  38500.00
  39500.00
  40500.00
  41500.00
  42500.00
  43500.00
  44500.00
  45500.00
  46500.00
  47500.00
  48500.00
  49500.00
  52750.00
  58000.00
  65000.00
  75000.00
  85000.00
  95000.00
 140000.00
