       217      0.00   2071.25 Al       Al+          2
Cross section:
Lambda = 0.1-2071.25 A
   Verner, D. A., Yakovlev, D. G., Band, I. M., Trzhaskovskaya, M. B. (1993)
   Atomic Data Nuclear Data Tables 55, 233
   Verner, D. A., Yakovlev, D. G. (1995)
   Astron. Astrophys. Suppl. 109, 125
   Verner, D. A., Ferland, G. J., Korista, K. T., Yakovlev, D. G. (1996)
   Astrophys. J. 465, 487


Hello


      0.10  4.25E-25
      7.91  1.82E-19
      7.92  1.67E-20
     10.00  3.06E-20
     20.00  1.81E-19
     30.00  5.02E-19
     40.00  1.01E-18
     50.00  1.68E-18
     60.00  2.49E-18
     70.00  3.37E-18
     80.00  4.25E-18
     90.00  5.04E-18
     98.71  5.60E-18
     98.72  5.06E-18
    100.00  5.13E-18
    110.00  5.51E-18
    120.00  5.61E-18
    130.00  5.39E-18
    140.00  4.84E-18
    150.00  4.00E-18
    154.21  3.58E-18
    154.22  2.16E-19
    160.00  2.27E-19
    170.00  2.46E-19
    180.00  2.65E-19
    190.00  2.84E-19
    200.00  3.02E-19
    210.00  3.20E-19
    220.00  3.37E-19
    230.00  3.53E-19
    240.00  3.69E-19
    250.00  3.84E-19
    260.00  3.98E-19
    270.00  4.12E-19
    280.00  4.24E-19
    290.00  4.36E-19
    300.00  4.46E-19
    310.00  4.55E-19
    320.00  4.64E-19
    330.00  4.71E-19
    340.00  4.77E-19
    350.00  4.82E-19
    360.00  4.87E-19
    370.00  4.90E-19
    380.00  4.92E-19
    390.00  4.93E-19
    400.00  4.92E-19
    410.00  4.91E-19
    420.00  4.89E-19
    430.00  4.87E-19
    440.00  4.83E-19
    450.00  4.78E-19
    460.00  4.73E-19
    470.00  4.67E-19
    480.00  4.61E-19
    490.00  4.54E-19
    500.00  4.46E-19
    510.00  4.39E-19
    520.00  4.31E-19
    530.00  4.23E-19
    540.00  4.14E-19
    550.00  4.06E-19
    560.00  3.98E-19
    570.00  3.91E-19
    580.00  3.84E-19
    590.00  3.77E-19
    600.00  3.71E-19
    610.00  3.66E-19
    620.00  3.62E-19
    630.00  3.58E-19
    640.00  3.56E-19
    650.00  3.56E-19
    660.00  3.57E-19
    670.00  3.60E-19
    680.00  3.64E-19
    690.00  3.71E-19
    700.00  3.80E-19
    710.00  3.91E-19
    720.00  4.04E-19
    730.00  4.20E-19
    740.00  4.39E-19
    750.00  4.61E-19
    760.00  4.86E-19
    770.00  5.15E-19
    780.00  5.47E-19
    790.00  5.82E-19
    800.00  6.22E-19
    810.00  6.65E-19
    820.00  7.12E-19
    830.00  7.64E-19
    840.00  8.20E-19
    850.00  8.80E-19
    860.00  9.46E-19
    870.00  1.02E-18
    880.00  1.09E-18
    890.00  1.17E-18
    900.00  1.26E-18
    910.00  1.35E-18
    920.00  1.45E-18
    930.00  1.55E-18
    940.00  1.66E-18
    950.00  1.77E-18
    960.00  1.89E-18
    970.00  2.02E-18
    980.00  2.15E-18
    990.00  2.29E-18
   1000.00  2.43E-18
   1010.00  2.59E-18
   1020.00  2.74E-18
   1030.00  2.91E-18
   1040.00  3.08E-18
   1050.00  3.26E-18
   1060.00  3.45E-18
   1070.00  3.64E-18
   1080.00  3.84E-18
   1090.00  4.05E-18
   1094.31  4.14E-18
   1094.32  4.14E-18
   1100.00  4.26E-18
   1110.00  4.48E-18
   1120.00  4.71E-18
   1130.00  4.94E-18
   1140.00  5.19E-18
   1150.00  5.44E-18
   1160.00  5.69E-18
   1170.00  5.96E-18
   1180.00  6.23E-18
   1190.00  6.51E-18
   1200.00  6.79E-18
   1210.00  7.09E-18
   1220.00  7.39E-18
   1230.00  7.70E-18
   1240.00  8.01E-18
   1250.00  8.33E-18
   1260.00  8.66E-18
   1270.00  8.99E-18
   1280.00  9.34E-18
   1290.00  9.69E-18
   1300.00  1.00E-17
   1310.00  1.04E-17
   1320.00  1.08E-17
   1330.00  1.11E-17
   1340.00  1.15E-17
   1350.00  1.19E-17
   1360.00  1.23E-17
   1370.00  1.27E-17
   1380.00  1.31E-17
   1390.00  1.35E-17
   1400.00  1.40E-17
   1410.00  1.44E-17
   1420.00  1.48E-17
   1430.00  1.52E-17
   1440.00  1.57E-17
   1450.00  1.61E-17
   1460.00  1.66E-17
   1470.00  1.70E-17
   1480.00  1.75E-17
   1490.00  1.80E-17
   1500.00  1.84E-17
   1510.00  1.89E-17
   1520.00  1.94E-17
   1530.00  1.99E-17
   1540.00  2.04E-17
   1550.00  2.09E-17
   1560.00  2.14E-17
   1570.00  2.19E-17
   1580.00  2.24E-17
   1590.00  2.29E-17
   1600.00  2.34E-17
   1610.00  2.39E-17
   1620.00  2.44E-17
   1630.00  2.49E-17
   1640.00  2.54E-17
   1650.00  2.60E-17
   1660.00  2.65E-17
   1670.00  2.70E-17
   1680.00  2.76E-17
   1690.00  2.81E-17
   1700.00  2.86E-17
   1710.00  2.92E-17
   1720.00  2.97E-17
   1730.00  3.03E-17
   1740.00  3.08E-17
   1750.00  3.14E-17
   1760.00  3.19E-17
   1770.00  3.25E-17
   1780.00  3.30E-17
   1790.00  3.36E-17
   1800.00  3.41E-17
   1810.00  3.47E-17
   1820.00  3.52E-17
   1830.00  3.58E-17
   1840.00  3.63E-17
   1850.00  3.69E-17
   1860.00  3.75E-17
   1870.00  3.80E-17
   1880.00  3.86E-17
   1890.00  3.91E-17
   1900.00  3.97E-17
   1910.00  4.02E-17
   1920.00  4.08E-17
   1930.00  4.14E-17
   1940.00  4.19E-17
   1950.00  4.25E-17
   1960.00  4.30E-17
   1970.00  4.36E-17
   1980.00  4.41E-17
   1990.00  4.47E-17
   2000.00  4.52E-17
   2010.00  4.58E-17
   2020.00  4.63E-17
   2030.00  4.69E-17
   2040.00  4.74E-17
   2050.00  4.80E-17
   2060.00  4.85E-17
   2070.00  4.91E-17
   2071.25  4.91E-17
  0
***
