       151      0.00   7200.00 c2h4     total
 lambda=1.a-100.a  cross section synthesized from atomic constituents
 lambda=180.a-700.a  l.c. lee, r.w. carlson, d.l. judge, and m. ogawa
   j. quant. spectrosc. radiat. transfer 13,1023(1973)
 lambda=500.a-1200.a  r.i. schoen, j. chem. phys. 37,2032(1962)
 lambda=1065.a-1960.a  m. zelikoff and k. watanabe  j. op. soc. am.
   43,756(1953)

      1.00  4.00e-23
     10.00  4.60e-20
     41.00  1.30e-19
     43.00  8.70e-20
     50.00  1.40e-19
    100.00  6.80e-19
    180.0   4.50e-18
    200.0   5.00e-18
    250.0   7.50e-18
    300.0   1.20e-17
    350.0   1.75e-17
    400.0   2.45e-17
    450.0   3.20e-17
    500.0   3.80e-17
    550.0   4.12e-17
    564.0   4.25e-17
    620.0   4.95e-17
    689.0   5.60e-17
    706.0   5.75e-17
    775.0   5.40e-17
    838.0   5.95e-17
    882.0   4.75e-17
    886.0   4.70e-17
    898.00  4.48e-17
    918.0   4.10e-17
    945.00  3.92e-17
    964.0   3.80e-17
   1016.0   5.55e-17
   1033.0   5.45e-17
   1065.0   2.40e-17
   1066.0   2.42e-17
   1085.0   1.95e-17
   1096.0   1.74e-17
   1105.0   1.86e-17
   1115.0   1.83e-17
   1123.0   1.72e-17
   1127.0   1.35e-17
   1149.0   1.42e-17
   1150.0   1.52e-17
   1178.0   1.79e-17
   1180.00  1.87e-17
   1186.0   2.09e-17
   1191.0   1.96e-17
   1201.0   2.21e-17
   1203.0   2.05e-17
   1208.0   2.47e-17
   1213.0   2.10e-17
   1222.0   2.82e-17
   1224.0   2.78e-17
   1226.00  2.92e-17
   1228.0   3.05e-17
   1231.0   2.39e-17
   1241.0   3.05e-17
   1244.0   2.72e-17
   1248.0   3.48e-17
   1251.0   2.64e-17
   1254.0   2.54e-17
   1256.0   2.70e-17
   1263.0   2.71e-17
   1264.0   2.80e-17
   1271.0   2.79e-17
   1273.0   2.53e-17
   1276.0   2.93e-17
   1280.0   2.82e-17
   1284.0   3.29e-17
   1294.0   1.60e-17
   1298.0   1.42e-17
   1302.0   1.62e-17
   1312.0   1.20e-17
   1317.0   1.56e-17
   1323.0   1.50e-17
   1330.0   1.66e-17
   1335.0   2.05e-17
   1338.0   1.95e-17
   1342.0   2.20e-17
   1352.0   1.10e-17
   1356.0   2.99e-17
   1360.0   2.86e-17
   1364.0   3.00e-17
   1366.0   2.43e-17
   1370.0   2.56e-17
   1376.0   6.29e-18
   1383.0   3.58e-17
   1388.0   2.33e-17
   1390.0   3.15e-17
   1395.0   6.40e-18
   1401.0   6.33e-18
   1402.0   5.06e-18
   1408.0   4.73e-18
   1414.0   8.90e-18
   1421.0   6.25e-18
   1428.0   1.00e-17
   1433.0   8.23e-18
   1442.0   1.18e-17
   1445.0   9.90e-18
   1452.0   1.23e-17
   1460.0   1.26e-17
   1473.0   1.50e-17
   1476.0   1.47e-17
   1487.0   1.79e-17
   1495.0   1.74e-17
   1500.0   1.90e-17
   1509.0   1.81e-17
   1521.0   2.12e-17
   1526.0   2.01e-17
   1533.0   2.21e-17
   1536.0   2.15e-17
   1554.0   2.48e-17
   1559.0   2.26e-17
   1567.0   2.67e-17
   1575.0   2.27e-17
   1586.0   2.94e-17
   1592.0   2.67e-17
   1600.0   3.23e-17
   1609.0   2.69e-17
   1618.0   3.83e-17
   1626.0   3.04e-17
   1634.0   3.89e-17
   1644.0   2.76e-17
   1653.0   4.57e-17
   1660.0   2.93e-17
   1666.0   4.46e-17
   1676.0   2.26e-17
   1683.0   2.01e-17
   1691.0   5.00e-17
   1698.0   2.57e-17
   1704.0   5.65e-17
   1711.0   1.98e-17
   1722.0   1.08e-17
   1732.0   4.04e-17
   1738.0   1.58e-17
   1744.0   5.19e-17
   1752.0   8.71e-18
   1770.0   2.74e-18
   1779.0   3.42e-18
   1793.0   1.57e-18
   1802.0   1.63e-18
   1818.0   6.36e-19
   1827.0   8.93e-19
   1847.0   2.42e-19
   1855.0   4.16e-19
   1873.0   1.23e-19
   1881.0   1.49e-19
   1896.0   3.91e-20
   1907.0   5.29e-20
   1929.0   1.30e-20
   1939.0   2.38e-20
   1958.0   5.60e-20
   1973.0   8.60e-20
   1960.00  1.00e-35
   7200.00  1.00e-35
  4
        29      0.00   1180.00 c2h4     c2h4i    33  2
lambda=500.a-1200.a  r.i. schoen, j. chem. phys. 37,2032(1962)

      0.00  3.30e-01
    550.0   2.60e-01
    564.0   2.70e-01
    620.0   2.80e-01
    689.0   3.15e-01
    706.0   3.30e-01
    775.0   3.65e-01
    838.0   4.25e-01
    882.0   5.40e-01
    886.0   5.50e-01
    898.00  5.69e-01
    918.0   6.00e-01
    945.00  5.24e-01
    964.0   4.70e-01
   1016.0   1.30e-01
   1033.0   1.00e-01
   1065.0   1.90e-01
   1066.0   1.90e-01
   1085.0   1.90e-01
   1096.0   1.90e-01
   1105.0   1.60e-01
   1115.0   1.40e-01
   1123.0   1.30e-01
   1127.0   1.50e-01
   1149.0   8.00e-02
   1150.0   8.00e-02
   1178.0   2.00e-03
   1180.0   0.00
   7200.0   0.00
        14      0.00    945.00 c2h4     c2h2ih2  51 40
lambda=500.a-1200.a  r.i. schoen, j. chem. phys. 37,2032(1962)

      0.00  3.40e-01
    550.0   2.40e-01
    564.0   2.40e-01
    620.0   2.15e-01
    689.0   1.95e-01
    706.0   1.90e-01
    775.0   1.80e-01
    838.0   1.65e-01
    882.0   1.80e-01
    886.0   1.80e-01
    898.00  8.00e-02
    918.0   2.00e-02
    945.0   0.00
   7200.0   0.00
        11      0.00    898.00 c2h4     c2h3ih   50 40
lambda=500.a-1200.a  r.i. schoen, j. chem. phys. 37,2032(1962)

      0.00  3.30e-01
    550.0   3.60e-01
    564.0   3.60e-01
    620.0   3.95e-01
    689.0   4.10e-01
    706.0   4.10e-01
    775.0   3.15e-01
    838.0   1.40e-01
    882.0   1.00e-02
    898.0   0.00e 00
   7200.0   0.00e 00
        28      0.00   1960.00 c2h4     c2h2d2h  61 26
dissociation branching ratios:
lambda=1236.-1973.a  mcnesby, j. r. and okabe, h. (1964)
   adv. photochem. 3, 157
 lambda=1550.-1900.a  back, r. a. and griffiths, d. w. l. (1967)
    j. chem. phys. 46, 4839
lambda=1960.a  dissociation threshold from heats of formation

      0.00  0.00e 00
    550.00  9.10e-02
    564.00  8.45e-02
    620.00  7.15e-02
    689.00  5.20e-02
    706.00  4.55e-02
    775.00  9.10e-02
    838.00  1.75e-01
    882.00  1.75e-01
    898.00  2.02e-01
    918.00  2.47e-01
    945.00  3.04e-01
    964.00  3.44e-01
   1016.00  5.65e-01
   1033.00  5.85e-01
   1065.00  5.26e-01
   1096.00  5.26e-01
   1105.00  5.46e-01
   1115.00  5.59e-01
   1123.00  5.65e-01
   1127.00  5.52e-01
   1149.00  5.98e-01
   1150.00  5.98e-01
   1178.00  6.49e-01
   1180.00  4.90e-01
   1960.00  4.90e-01
   1961.00  0.00e 00
   7200.00  0.00e 00
         0      0.00   7200.00 c2h4     c2h2dh2  60 26
***
