       254      0.00   3095.   CH3SH    total
Cross section:
Lambda = 0.61-1100.00 A
   Synthesized from cross sections of atomic constituents C + 4*H + S
   Barfield, W. D., Koontz, G. D., Huebner W. F. (1972) 
   J. Quant. Spectr. Rad. Trans. 12, 1409 
Lambda = 1925.00-3095.00 A
   Vaghjiani, G., L. (1993)
   J. Chem. Phys. 99, 5938.
 
      0.61  3.30E-22
      1.24  2.70E-21
      2.40  1.90E-20
      5.00  1.20E-19
      5.20  1.50E-19
      6.20  2.20E-19
     12.60  1.30E-19
     24.60  1.00E-18
     50.30  3.50E-18
     52.50  3.40E-18
     62.10  4.50E-18
     67.50  5.30E-18
     70.50  2.60E-18
     73.50  4.00E-19
    122.00  1.10E-18
    249.00  2.60E-18
    363.00  1.25E-17
    508.00  3.00E-17
    553.00  3.35E-17
   1100.00  2.41E-17
   1925.00  2.17E-18
   1930.00  2.09E-18
   1935.00  2.22E-18
   1940.00  2.46E-18
   1945.00  2.69E-18
   1950.00  2.98E-18
   1955.00  3.28E-18
   1960.00  3.54E-18
   1965.00  3.82E-18
   1970.00  4.15E-18
   1975.00  4.53E-18
   1980.00  4.90E-18
   1985.00  5.29E-18
   1990.00  5.67E-18
   1995.00  6.10E-18
   2000.00  6.49E-18
   2005.00  6.86E-18
   2010.00  7.24E-18
   2015.00  7.57E-18
   2020.00  7.89E-18
   2025.00  8.13E-18
   2030.00  8.33E-18
   2035.00  8.46E-18
   2040.00  8.49E-18
   2045.00  8.45E-18
   2050.00  8.33E-18
   2055.00  8.12E-18
   2060.00  7.83E-18
   2065.00  7.48E-18
   2070.00  7.08E-18
   2075.00  6.60E-18
   2080.00  6.12E-18
   2085.00  5.61E-18
   2090.00  5.06E-18
   2095.00  4.55E-18
   2100.00  4.04E-18
   2105.00  3.57E-18
   2110.00  3.10E-18
   2115.00  2.72E-18
   2120.00  2.35E-18
   2125.00  2.05E-18
   2130.00  1.79E-18
   2135.00  1.56E-18
   2140.00  1.38E-18
   2145.00  1.22E-18
   2150.00  1.10E-18
   2155.00  9.96E-19
   2160.00  9.23E-19
   2165.00  8.62E-19
   2170.00  8.12E-19
   2175.00  7.72E-19
   2180.00  7.43E-19
   2185.00  7.19E-19
   2190.00  7.00E-19
   2195.00  6.85E-19
   2200.00  6.75E-19
   2205.00  6.68E-19
   2210.00  6.62E-19
   2215.00  6.59E-19
   2220.00  6.56E-19
   2230.00  6.55E-19
   2235.00  6.56E-19
   2240.00  6.55E-19
   2245.00  6.57E-19
   2250.00  6.61E-19
   2255.00  6.62E-19
   2260.00  6.64E-19
   2265.00  6.66E-19
   2270.00  6.68E-19
   2275.00  6.71E-19
   2280.00  6.73E-19
   2285.00  6.74E-19
   2290.00  6.77E-19
   2295.00  6.75E-19
   2300.00  6.78E-19
   2305.00  6.79E-19
   2310.00  6.78E-19
   2315.00  6.77E-19
   2320.00  6.75E-19
   2325.00  6.73E-19
   2330.00  6.72E-19
   2335.00  6.69E-19
   2340.00  6.64E-19
   2345.00  6.59E-19
   2350.00  6.53E-19
   2355.00  6.47E-19
   2360.00  6.41E-19
   2365.00  6.45E-19
   2370.00  6.25E-19
   2375.00  6.17E-19
   2380.00  6.09E-19
   2385.00  5.99E-19
   2390.00  5.85E-19
   2395.00  5.74E-19
   2400.00  5.62E-19
   2405.00  5.51E-19
   2410.00  5.41E-19
   2415.00  5.27E-19
   2420.00  5.15E-19
   2425.00  5.02E-19
   2430.00  4.89E-19
   2435.00  4.77E-19
   2440.00  4.62E-19
   2445.00  4.47E-19
   2450.00  4.34E-19
   2455.00  4.19E-19
   2460.00  4.05E-19
   2465.00  3.93E-19
   2470.00  3.75E-19
   2475.00  3.61E-19
   2480.00  3.51E-19
   2485.00  3.39E-19
   2490.00  3.23E-19
   2495.00  3.12E-19
   2500.00  2.98E-19
   2505.00  2.86E-19
   2510.00  2.74E-19
   2515.00  2.62E-19
   2520.00  2.49E-19
   2525.00  2.38E-19
   2530.00  2.25E-19
   2535.00  2.15E-19
   2540.00  2.04E-19
   2545.00  1.93E-19
   2550.00  1.83E-19
   2555.00  1.73E-19
   2560.00  1.63E-19
   2565.00  1.54E-19
   2570.00  1.45E-19
   2575.00  1.36E-19
   2580.00  1.28E-19
   2585.00  1.21E-19
   2590.00  1.13E-19
   2595.00  1.05E-19
   2600.00  9.82E-20
   2605.00  9.18E-20
   2610.00  8.55E-20
   2615.00  7.94E-20
   2620.00  7.39E-20
   2625.00  6.85E-20
   2630.00  6.36E-20
   2635.00  5.87E-20
   2640.00  5.41E-20
   2645.00  5.03E-20
   2650.00  4.65E-20
   2655.00  4.29E-20
   2660.00  3.95E-20
   2665.00  3.63E-20
   2670.00  3.31E-20
   2675.00  2.99E-20
   2680.00  2.78E-20
   2685.00  2.51E-20
   2690.00  2.30E-20
   2695.00  2.13E-20
   2700.00  1.92E-20
   2705.00  1.75E-20
   2710.00  1.59E-20
   2715.00  1.43E-20
   2720.00  1.30E-20
   2725.00  1.18E-20
   2730.00  1.08E-20
   2735.00  9.77E-21
   2740.00  8.85E-21
   2745.00  7.90E-21
   2750.00  7.15E-21
   2755.00  6.47E-21
   2760.00  5.78E-21
   2765.00  5.22E-21
   2770.00  4.71E-21
   2775.00  4.26E-21
   2780.00  3.81E-21
   2785.00  3.47E-21
   2790.00  3.11E-21
   2795.00  2.79E-21
   2800.00  2.50E-21
   2805.00  2.21E-21
   2810.00  1.99E-21
   2815.00  1.81E-21
   2820.00  1.64E-21
   2825.00  1.49E-21
   2830.00  1.35E-21
   2835.00  1.22E-21
   2840.00  1.10E-21
   2845.00  9.60E-22
   2850.00  8.70E-22
   2855.00  8.00E-22
   2860.00  7.20E-22
   2865.00  6.50E-22
   2870.00  5.80E-22
   2875.00  5.40E-22
   2880.00  4.90E-22
   2885.00  4.30E-22
   2890.00  4.00E-22
   2895.00  3.70E-22
   2900.00  3.30E-22
   2905.00  3.10E-22
   2910.00  2.80E-22
   2915.00  2.50E-22
   2920.00  2.30E-22
   2925.00  2.17E-22
   2930.00  1.97E-22
   2935.00  1.82E-22
   2940.00  1.68E-22
   2945.00  1.56E-22
   2950.00  1.45E-22
   2955.00  1.34E-22
   2960.00  1.25E-22
   2965.00  1.18E-22
   2970.00  1.09E-22
   2975.00  1.00E-22
   2980.00  9.40E-23
   2985.00  8.80E-23
   2990.00  8.20E-23
   2995.00  7.60E-23
   3000.00  7.10E-23
   3005.00  6.70E-23
   3010.00  6.20E-23
   3015.00  5.90E-23
   3020.00  5.40E-23
   3025.00  5.10E-23
   3030.00  4.70E-23
   3035.00  4.40E-23
   3040.00  4.20E-23
   3045.00  3.90E-23
   3050.00  3.70E-23
   3055.00  3.50E-23
   3060.00  3.30E-23
   3065.00  3.00E-23
   3070.00  2.80E-23
   3075.00  2.70E-23
   3080.00  2.50E-23
   3085.00  2.30E-23
   3090.00  2.20E-23
   3095.00  2.00E-23
  1
         4      0.00   3095.   CH3SH    MS/H        26
M stands for methyl radical (CH3)
Branching ratio:
Lambda = 0.61 A:
   Assumed to be 2.50E-01 (rate coefficients are within 5% the same when setting it to 
   0.00E 00 or 4.90E-01; however the excess energies differ by almost a factor of 2).
Lambda = 1930. and 2220. A:
   Vaghjiani, G., L. (1993)
   J. Chem. Phys. 99, 5938.
Lambda = 2540. A:
   Steer, R. P., Knight, A. R. (1968)
   J. Phys. Chem. 72, 2145.

      0.61  2.50E-01
   1930.00  4.90E-01
   2220.00  9.50E-01
   2540.00  1.00E 00
         0      0.00   3095.   CH3SH    M/SH        26
***
