       175      0.00   2778.00 cs2      total
 cross sections:
 lambda=0.6-249.a  composite of atomic cross sections
    barfield et al.
 lambda=310.-954.a  carnovale, f., hitchcock, a. p., cook, j. p. d., and
    brion, c. e. (1982)
    chem. phys. 66, 249
 lambda=1060.-1520.a

      0.61  6.30e-22
      1.24  5.70e-21
      2.44  3.60e-20
      4.98  2.60e-19
      5.20  2.70e-20
      6.15  4.40e-20
     12.60  3.10e-19
     24.60  1.70e-18
     40.80  5.00e-18
     42.50  4.00e-18
     50.30  7.00e-18
     52.50  6.60e-18
     62.10  8.90e-18
     67.50  1.10e-17
     70.50  5.00e-18
     73.50  8.00e-19
    121.70  1.90e-18
    248.60  3.70e-18
    310.00  5.01e-20
    318.00  4.56e-20
    326.00  5.92e-20
    335.00  6.01e-20
    344.00  5.19e-20
    354.00  6.47e-20
    365.00  7.29e-20
    376.00  8.20e-20
    387.00  8.38e-20
    400.00  9.39e-20
    413.00  1.08e-19
    428.00  1.19e-19
    443.00  1.53e-19
    459.00  1.60e-19
    477.00  1.90e-19
    496.00  2.19e-19
    517.00  2.47e-19
    539.00  2.82e-19
    564.00  3.26e-19
    590.00  3.85e-19
    620.00  4.21e-19
    653.00  4.53e-19
    689.00  5.06e-19
    729.00  5.40e-19
    775.00  5.47e-19
    827.00  4.77e-19
    886.00  4.18e-19
    954.00  3.82e-19
   1060.00  5.00e-17
   1070.00  4.50e-17
   1080.00  4.40e-17
   1090.00  5.00e-17
   1100.00  4.80e-17
   1110.00  7.50e-17
   1118.00  2.10e-16
   1120.00  9.00e-17
   1130.00  2.80e-17
   1140.00  2.70e-17
   1150.00  2.90e-17
   1160.00  3.00e-17
   1170.00  3.00e-17
   1180.00  2.90e-17
   1190.00  2.80e-17
   1200.00  2.20e-17
   1210.00  1.80e-17
   1220.00  1.30e-17
   1230.00  1.40e-17
   1240.00  1.50e-17
   1250.00  1.50e-17
   1252.00  2.70e-17
   1256.00  1.20e-17
   1260.00  2.80e-17
   1262.00  1.50e-17
   1267.00  2.60e-17
   1270.00  1.50e-17
   1275.00  3.00e-17
   1280.00  5.30e-17
   1282.00  2.00e-17
   1288.00  5.80e-17
   1292.00  3.20e-17
   1300.00  7.00e-17
   1310.00  7.50e-17
   1313.00  4.40e-17
   1320.00  6.00e-17
   1330.00  2.20e-17
   1338.00  7.00e-18
   1345.00  4.50e-17
   1350.00  1.00e-17
   1360.00  5.00e-18
   1370.00  5.20e-17
   1380.00  1.80e-17
   1390.00  5.00e-18
   1402.00  3.40e-17
   1405.00  2.00e-17
   1412.00  1.22e-16
   1420.00  1.50e-17
   1430.00  2.50e-17
   1440.00  3.00e-17
   1450.00  1.00e-17
   1460.00  7.00e-18
   1470.00  1.50e-18
   1480.00  2.20e-17
   1485.00  3.00e-17
   1494.00  2.20e-17
   1500.00  3.20e-17
   1502.00  2.40e-17
   1507.00  4.20e-17
   1510.00  3.20e-17
   1512.00  5.00e-17
   1520.00  2.80e-17
   1570.00  5.00e-19
   1572.00  5.00e-19
   1680.00  1.00e-19
   1850.00  2.00e-17
   1870.00  2.00e-17
   1880.00  4.00e-17
   1885.00  2.00e-17
   1890.00  5.00e-17
   1892.00  8.00e-17
   1895.00  4.50e-17
   1900.00  5.00e-17
   1905.00  1.10e-16
   1912.00  6.00e-17
   1915.00  1.40e-16
   1920.00  1.80e-16
   1922.00  9.50e-17
   1927.00  1.20e-16
   1930.00  2.60e-16
   1932.00  2.20e-16
   1935.00  1.20e-16
   1940.00  1.40e-16
   1945.00  1.50e-16
   1950.00  3.80e-16
   1955.00  1.50e-16
   1960.00  1.40e-16
   1965.00  4.70e-16
   1970.00  2.50e-16
   1973.00  1.40e-16
   1975.00  1.60e-16
   1980.00  2.00e-16
   1982.00  5.30e-16
   1985.00  1.50e-16
   1990.00  1.50e-16
   1995.00  5.20e-16
   1998.00  1.50e-16
   2003.00  5.00e-17
   2006.00  1.50e-16
   2008.00  2.00e-16
   2011.00  4.20e-16
   2013.00  1.50e-16
   2015.00  5.00e-17
   2022.00  1.50e-16
   2026.00  2.60e-16
   2028.00  1.50e-16
   2032.00  4.50e-17
   2037.00  6.00e-17
   2040.00  1.80e-16
   2045.00  1.50e-16
   2050.00  3.50e-17
   2058.00  1.50e-16
   2060.00  1.05e-16
   2063.00  2.00e-17
   2072.00  2.00e-17
   2076.00  5.50e-17
   2080.00  2.50e-17
   2082.00  2.00e-17
   2088.00  2.00e-17
   2095.00  2.50e-17
   2100.00  1.50e-17
   2110.00  1.50e-17
   2118.00  2.00e-17
   2120.00  1.00e-17
   2135.00  2.00e-17
   2200.00  5.00e-18
   2300.00  1.00e-18
   2700.00  1.00e-20
   2778.00  1.00e-20
  8
        25      0.00    656.00 cs2      cis2        40
 cross sections:
 lambda=0.6-249.a  composite of atomic cross sections
    barfield et al.
 lambda=310.-954.a  carnovale, f., hitchcock, a. p., cook, j. p. d., and
    brion, c. e. (1982)
    chem. phys. 66, 249
 lambda=1060.-1520.a

      0.60  4.00e-02
    310.00  3.25e-02
    318.00  2.93e-02
    326.00  2.73e-02
    335.00  3.15e-02
    344.00  3.45e-02
    354.00  2.75e-02
    365.00  3.10e-02
    376.00  3.49e-02
    387.00  3.20e-02
    400.00  3.27e-02
    413.00  2.91e-02
    428.00  3.02e-02
    443.00  2.80e-02
    459.00  2.00e-02
    477.00  1.48e-02
    496.00  9.17e-03
    517.00  1.20e-02
    539.00  1.94e-03
    564.00  0.00e+00
    590.00  9.00e-04
    620.00  0.00e+00
    653.00  2.01e-03
    656.00  0.00e 00
   2778.00  0.00e 00
        29      0.00    834.00 cs2      sics        40
 cross sections:
 lambda=0.6-249.a  composite of atomic cross sections
    barfield et al.
 lambda=310.-954.a  carnovale, f., hitchcock, a. p., cook, j. p. d., and
    brion, c. e. (1982)
    chem. phys. 66, 249
 lambda=1060.-1520.a

      0.60  4.00e-01
    310.00  3.26e-01
    318.00  3.14e-01
    326.00  3.05e-01
    335.00  2.99e-01
    344.00  2.91e-01
    354.00  2.78e-01
    365.00  2.62e-01
    376.00  2.44e-01
    387.00  2.40e-01
    400.00  2.33e-01
    413.00  2.24e-01
    428.00  2.17e-01
    443.00  1.97e-01
    459.00  1.83e-01
    477.00  1.67e-01
    496.00  1.50e-01
    517.00  1.31e-01
    539.00  1.10e-01
    564.00  9.52e-02
    590.00  9.22e-02
    620.00  8.70e-02
    653.00  8.03e-02
    689.00  8.45e-02
    729.00  8.45e-02
    775.00  4.83e-02
    826.90  9.56e-03
    827.00  0.00e 00
   2778.00  0.00e 00
        28      0.00    775.00 cs2      csis        40
 cross sections:
 lambda=0.6-249.a  composite of atomic cross sections
    barfield et al.
 lambda=310.-954.a  carnovale, f., hitchcock, a. p., cook, j. p. d., and
    brion, c. e. (1982)
    chem. phys. 66, 249
 lambda=1060.-1520.a

      0.60  2.50e-01
    310.00  2.11e-01
    318.00  2.09e-01
    326.00  1.93e-01
    335.00  1.89e-01
    344.00  1.73e-01
    354.00  1.61e-01
    365.00  1.57e-01
    376.00  1.51e-01
    387.00  1.48e-01
    400.00  1.49e-01
    413.00  1.47e-01
    428.00  1.47e-01
    443.00  1.55e-01
    459.00  1.60e-01
    477.00  1.63e-01
    496.00  1.74e-01
    517.00  1.72e-01
    539.00  1.71e-01
    564.00  1.62e-01
    590.00  1.51e-01
    620.00  1.56e-01
    653.00  1.22e-01
    689.00  1.03e-01
    729.00  7.25e-02
    774.90  1.83e-02
    775.00  0.00e 00
   2778.00  0.00e 00
        27      0.00    731.00 cs2      s2ic        40
 cross sections:
 lambda=0.6-249.a  composite of atomic cross sections
    barfield et al.
 lambda=310.-954.a  carnovale, f., hitchcock, a. p., cook, j. p. d., and
    brion, c. e. (1982)
    chem. phys. 66, 249
 lambda=1060.-1520.a

      0.60  1.00e-02
    310.00  9.50e-03
    318.00  8.37e-03
    326.00  9.63e-03
    335.00  7.87e-03
    344.00  1.09e-02
    354.00  7.31e-03
    365.00  1.20e-02
    376.00  1.05e-02
    387.00  9.00e-03
    400.00  6.93e-03
    413.00  1.38e-02
    428.00  9.00e-03
    443.00  1.00e-02
    459.00  1.10e-02
    477.00  1.39e-02
    496.00  1.29e-02
    517.00  1.17e-02
    539.00  1.39e-02
    564.00  1.51e-02
    590.00  1.49e-02
    620.00  1.20e-02
    653.00  9.04e-03
    689.00  3.06e-03
    728.90  2.00e-03
    729.00  0.00e 00
   2778.00  0.00e 00
        31      0.00   1230.00 cs2      cs2i         2
 cross sections:
 lambda=0.6-249.a  composite of atomic cross sections
    barfield et al.
 lambda=310.-954.a  carnovale, f., hitchcock, a. p., cook, j. p. d., and
    brion, c. e. (1982)
    chem. phys. 66, 249
 lambda=1060.-1520.a

      0.60  3.00e-01
    310.00  4.21e-01
    318.00  4.39e-01
    326.00  4.65e-01
    335.00  4.72e-01
    344.00  4.90e-01
    354.00  5.26e-01
    365.00  5.38e-01
    376.00  5.59e-01
    387.00  5.71e-01
    400.00  5.74e-01
    413.00  5.86e-01
    428.00  5.96e-01
    443.00  6.10e-01
    459.00  6.26e-01
    477.00  6.41e-01
    496.00  6.53e-01
    517.00  6.72e-01
    539.00  7.03e-01
    564.00  7.27e-01
    590.00  7.41e-01
    620.00  7.45e-01
    653.00  7.85e-01
    689.00  8.09e-01
    729.00  8.40e-01
    775.00  9.33e-01
    827.00  9.90e-01
    886.00  1.00e+00
    954.00  1.00e+00
   1230.00  0.00e 00
   2778.00  0.00e 00
         6      0.00   2778.00 cs2      csds        26

      0.00  0.00e 00
   1570.00  0.00e 00
   1572.00  6.67e-01
   2210.00  6.67e-01
   2211.00  1.00e 00
   2778.00  1.00e 00
         6      0.00   2211.00 cs2      csds1d      26

      0.00  0.00e 00
   1570.00  0.00e 00
   1572.00  3.33e-01
   2210.00  3.33e-01
   2211.00  0.00e 00
   2778.00  0.00e 00
         8      0.00   1572.00 cs2      tcsds       26

      0.00  0.00e 00
   1229.00  0.00e 00
   1230.00  5.00e-01
   1336.00  5.00e-01
   1337.00  1.00e 00
   1570.00  1.00e 00
   1572.00  0.00e 00
   2778.00  0.00e 00
         0      0.00   1337.00 cs2      a1scds      26
***
