       270      0.00   7000.00 h2co     total

      1.00  9.00e-23
     10.00  9.10e-20
     22.50  7.60e-19
     23.50  2.40e-19
     41.00  1.10e-18
     43.00  1.60e-19
     50.00  2.50e-19
    100.00  1.30e-18
    200.00  5.90e-18
    300.00  1.00e-17
    400.00  1.42e-17
    500.00  1.81e-17
    600.00  2.50e-17
    615.00  3.30e-17
    624.00  3.10e-17
    628.00  3.75e-17
    634.00  3.50e-17
    642.00  3.70e-17
    660.00  3.40e-17
    670.00  3.00e-17
    680.00  3.60e-17
    690.00  3.49e-17
    704.00  3.49e-17
    719.00  3.30e-17
    721.00  3.70e-17
    723.00  3.70e-17
    725.00  3.00e-17
    735.00  3.30e-17
    737.00  2.71e-17
    741.00  2.80e-17
    744.00  3.50e-17
    750.00  3.40e-17
    752.00  3.09e-17
    760.00  3.20e-17
    770.00  3.70e-17
    774.00  3.50e-17
    778.00  4.40e-17
    780.00  4.10e-17
    785.00  4.80e-17
    791.00  4.80e-17
    793.00  4.09e-17
    800.00  4.70e-17
    801.00  3.51e-17
    805.00  4.10e-17
    807.00  3.30e-17
    812.00  3.70e-17
    813.00  4.80e-17
    815.00  3.70e-17
    830.00  4.10e-17
    832.00  3.20e-17
    838.00  4.70e-17
    840.00  3.00e-17
    844.00  4.10e-17
    850.00  2.40e-17
    853.00  3.60e-17
    857.00  2.40e-17
    860.00  2.80e-17
    867.00  1.89e-17
    870.00  2.49e-17
    875.00  1.90e-17
    879.00  2.89e-17
    881.00  1.30e-17
    882.01  1.38e-17
    900.00  3.90e-17
    906.00  3.60e-17
    910.00  3.00e-17
    915.00  4.60e-17
    919.00  3.70e-17
    927.00  5.00e-17
    928.00  5.90e-17
    930.00  5.20e-17
    933.00  5.20e-17
    935.00  7.10e-17
    938.00  4.70e-17
    944.00  6.70e-17
    950.00  3.49e-17
    956.00  5.80e-17
    960.00  3.30e-17
    965.00  2.40e-17
    970.00  3.20e-17
    972.00  2.01e-17
    981.00  3.20e-17
    990.00  1.50e-17
   1000.00  1.70e-17
   1043.00  1.62e-17
   1043.10  1.62e-17
   1100.00  1.51e-17
   1141.70  1.67e-17
   1150.00  1.70e-17
   1160.00  1.90e-17
   1164.00  1.10e-17
   1168.00  1.80e-17
   1172.00  9.30e-18
   1177.00  2.60e-17
   1181.00  7.40e-18
   1185.00  1.80e-17
   1189.00  9.00e-18
   1192.00  2.20e-17
   1205.00  3.70e-18
   1210.00  1.90e-17
   1215.00  7.40e-18
   1222.00  3.20e-17
   1226.00  7.30e-18
   1234.00  7.20e-18
   1237.00  3.00e-17
   1240.00  6.00e-18
   1256.00  8.60e-18
   1260.00  2.60e-17
   1266.00  7.40e-18
   1283.00  1.50e-17
   1288.00  7.30e-17
   1291.00  2.40e-17
   1293.00  3.10e-17
   1298.00  6.00e-18
   1302.00  1.20e-17
   1306.00  6.00e-18
   1321.00  6.00e-18
   1330.00  3.00e-18
   1339.00  1.40e-17
   1347.00  7.00e-18
   1350.00  1.90e-17
   1358.00  7.00e-18
   1370.00  1.10e-17
   1374.00  4.80e-17
   1377.00  1.30e-17
   1388.00  6.00e-18
   1394.00  8.00e-18
   1398.00  5.20e-17
   1400.00  1.00e-17
   1410.00  4.00e-18
   1450.00  3.00e-18
   1475.00  6.00e-18
   1490.00  4.00e-18
   1501.00  2.40e-17
   1506.00  5.00e-18
   1515.00  5.00e-18
   1520.00  5.80e-17
   1524.00  3.50e-17
   1528.00  7.10e-17
   1533.00  8.00e-18
   1550.00  7.00e-18
   1557.00  6.70e-17
   1560.00  4.00e-18
   1570.00  5.00e-19
   1660.00  5.00e-19
   1680.00  2.00e-18
   1700.00  1.00e-18
   1710.00  2.00e-18
   1724.00  1.10e-17
   1732.00  1.10e-17
   1740.00  2.20e-17
   1745.00  1.90e-17
   1750.00  5.20e-17
   1758.00  5.00e-18
   1760.00  4.00e-18
   1800.00  5.00e-18
   1850.00  2.00e-18
   2000.00  1.30e-20
   2100.00  8.00e-21
   2200.00  5.00e-21
   2300.00  3.60e-21
   2400.00  3.00e-21
   2500.00  4.80e-21
   2560.00  8.00e-21
   2585.00  5.70e-21
   2600.00  2.50e-21
   2612.00  6.00e-21
   2618.00  2.50e-21
   2625.00  2.50e-21
   2634.70  9.90e-21
   2640.00  1.20e-20
   2645.00  5.00e-21
   2665.00  2.50e-21
   2672.50  1.40e-20
   2675.00  8.00e-21
   2682.50  1.30e-20
   2690.00  6.50e-21
   2700.00  6.50e-21
   2710.00  2.00e-20
   2713.60  2.10e-20
   2716.00  2.00e-20
   2730.00  5.00e-21
   2745.00  5.00e-21
   2750.00  3.25e-20
   2750.01  3.25e-20
   2755.00  2.00e-20
   2762.60  2.80e-20
   2766.50  2.10e-20
   2780.00  6.50e-21
   2797.60  2.90e-20
   2807.00  1.10e-20
   2810.00  1.70e-20
   2825.00  5.00e-21
   2830.00  5.00e-21
   2835.00  5.00e-20
   2847.00  5.60e-20
   2850.00  3.50e-20
   2870.00  7.50e-21
   2875.00  2.50e-20
   2885.90  4.60e-20
   2900.00  6.50e-21
   2910.00  2.00e-20
   2920.00  7.50e-21
   2925.00  6.50e-21
   2938.10  8.40e-20
   2948.00  2.50e-20
   2950.00  4.20e-20
   2955.00  2.50e-20
   2970.00  7.00e-21
   2985.70  4.80e-20
   2995.00  1.25e-20
   3007.00  5.00e-21
   3012.00  2.50e-20
   3020.00  1.25e-20
   3028.00  5.00e-21
   3041.80  6.90e-20
   3050.00  2.40e-20
   3054.90  6.30e-20
   3060.00  4.50e-20
   3074.00  7.00e-21
   3077.00  7.00e-21
   3080.00  2.50e-20
   3091.00  4.20e-20
   3095.00  2.50e-20
   3105.00  1.00e-20
   3112.00  2.50e-21
   3118.00  1.00e-20
   3123.00  2.00e-20
   3130.00  6.50e-21
   3144.30  7.60e-20
   3150.00  3.70e-20
   3160.00  1.00e-20
   3171.20  7.10e-20
   3173.00  3.75e-20
   3195.00  2.50e-21
   3198.00  2.00e-21
   3203.00  2.25e-20
   3215.00  1.25e-20
   3225.00  1.00e-21
   3228.00  5.00e-22
   3241.00  1.20e-20
   3248.00  6.00e-21
   3261.80  7.10e-20
   3270.00  2.50e-20
   3276.00  3.00e-21
   3282.00  2.00e-21
   3295.80  5.40e-20
   3300.00  2.00e-20
   3310.00  1.00e-21
   3320.00  1.00e-22
   3340.00  1.00e-22
   3345.00  1.00e-21
   3350.00  1.00e-22
   3360.00  1.00e-22
   3370.00  2.50e-21
   3375.00  2.50e-21
   3390.30  5.80e-20
   3400.00  1.25e-20
   3420.00  1.00e-22
   3431.90  2.50e-20
   3450.00  5.00e-22
   3460.00  1.00e-22
   3517.00  1.00e-22
   3531.70  3.00e-20
   3553.00  1.00e-21
   3560.00  1.00e-22
   3600.00  1.00e-22
   3700.00  1.90e-21
   3740.00  1.00e-35
   7000.00  1.00e-35
  5
        58      0.00   3340.00 h2co     hcodh    44 26
 Lambda=0.A-500.A  Barfield et al. (1972)
 Lambda=600.A-1760.A  Mentall et al. (1971)
 Lambda=1760.A-1850.A  Gentieu and Mentall (1970)
 lambda=2000.a-2634.7A  calvert, j. g. and pitts, jr., j. n. (1966)
    photochemistry, john wiley + sons, inc., n. y.
 Lambda=2634.7A-3531.7A  Rogers   (1990)
    J. Chem. Phys.
 Lambda=3531.7A-3740.a  calvert, j. g. and pitts, jr., j. n. (1966)
    photochemistry, john wiley + sons, inc., n. y.
 predissociation  calvert, j. g. and pitts, jr., j. n. (1966)
    photochemistry, john wiley + sons, inc., n. y.
 lambda=3493.a  threshold  glicker, s. and stief, l. j. (1971)
    j. chem. phys. 54, 2852
 lambda=2991.a-3392.a  clark, j. h., moore, c. b. and nogar, n. s. (1977)
    j. chem. phys.
    (branching ratio)

      1.00  0.00e 00
   1850.00  0.00e 00
   2000.00  1.41e-01
   2100.00  2.83e-01
   2200.00  4.24e-01
   2300.00  5.64e-01
   2400.00  7.06e-01
   2500.00  8.48e-01
   2560.00  8.79e-01
   2585.00  8.56e-01
   2600.00  8.42e-01
   2615.00  8.28e-01
   2635.00  8.09e-01
   2650.00  7.96e-01
   2670.00  7.77e-01
   2695.00  7.54e-01
   2705.00  7.44e-01
   2730.00  7.20e-01
   2750.00  7.03e-01
   2750.01  7.00e-01
   2760.00  6.94e-01
   2780.00  6.75e-01
   2795.00  6.62e-01
   2800.00  6.57e-01
   2825.00  6.34e-01
   2840.00  6.19e-01
   2860.00  6.01e-01
   2880.00  5.82e-01
   2898.00  5.66e-01
   2903.00  5.62e-01
   2915.00  5.50e-01
   2935.00  5.31e-01
   2960.00  5.09e-01
   2975.00  4.95e-01
   3000.00  4.77e-01
   3010.00  4.74e-01
   3020.00  4.70e-01
   3040.00  4.64e-01
   3050.00  4.60e-01
   3075.00  4.52e-01
   3085.00  4.50e-01
   3110.00  4.41e-01
   3120.00  4.37e-01
   3130.00  4.34e-01
   3140.00  4.31e-01
   3150.00  4.28e-01
   3160.00  4.24e-01
   3195.00  4.10e-01
   3205.00  4.06e-01
   3220.00  3.99e-01
   3230.00  3.95e-01
   3265.00  3.79e-01
   3280.00  3.47e-01
   3295.00  3.16e-01
   3330.00  2.05e-01
   3340.00  1.50e-01
   3341.00  0.00e 00
   7000.00  0.00e 00
        43      0.00   7000.00 h2co     codh2    43 26
 lambda=2000.a-3740.a  calvert, j. g. and pitts, jr., j. n. (1966)
    photochemistry, john wiley + sons, inc., n. y.
 predissociation  calvert, j. g. and pitts, jr., j. n. (1966)
    photochemistry, john wiley + sons, inc., n. y.
 lambda=2991.a-3392.a  branching ratios  clark, j. h., moore, c. b. and nogar,
    n. s. (1977)
    j. chem. phys.
lambda=7000.a  guessed dissociation threshold (heat of formation is negative)

      1.00  0.00e 00
   2705.00  0.00e 00
   2730.00  1.40e-01
   2750.00  2.51e-01
   2750.01  3.00e-01
   2760.00  3.06e-01
   2780.00  3.25e-01
   2795.00  3.38e-01
   2800.00  3.43e-01
   2825.00  3.66e-01
   2840.00  3.81e-01
   2860.00  3.99e-01
   2880.00  4.18e-01
   2898.00  4.34e-01
   2903.00  4.38e-01
   2915.00  4.50e-01
   2935.00  4.69e-01
   2960.00  4.91e-01
   2975.00  5.05e-01
   3000.00  5.23e-01
   3010.00  5.26e-01
   3020.00  5.30e-01
   3040.00  5.36e-01
   3050.00  5.40e-01
   3075.00  5.48e-01
   3085.00  5.50e-01
   3110.00  5.59e-01
   3120.00  5.63e-01
   3130.00  5.66e-01
   3140.00  5.69e-01
   3150.00  5.72e-01
   3160.00  5.76e-01
   3195.00  5.90e-01
   3205.00  5.94e-01
   3220.00  6.01e-01
   3230.00  6.05e-01
   3265.00  6.21e-01
   3280.00  6.53e-01
   3295.00  6.84e-01
   3330.00  7.95e-01
   3340.00  8.50e-01
   3341.00  1.00e 00
   7000.00  1.00e 00
        95      0.00   2750.00 h2co     codhdh   45 26
 lambda=600.a-1760.a  mentall, j. e., gentieu, e. p., kraus, m. and
neumann, d.
    (1971)
    j. chem. phys. 55, 5471
 lambda=1760.a-1850.a  gentieu, e. p. and mentall, j. e. (1970)
    science 169, 681
 lambda=600.a-1141.6a  branching ratio  mentall, j. e., gentieu, e. p., kraus,
    m. and neumann, d. (1971)
    j. chem. phys. 55, 5471
 lambda=1470.a, 1236.a  branching ratios  stief, l. j., donn, b., glicker, s.,
    gentieu, e. p. and mentall, j. e. (1972)
    j. chem. phys. 54, 2852  also
    clark, j. h., moore, c. b. and nogar, n. s. (1977)
    j. chem. phys.

      1.00  1.00e-03
    600.00  5.00e-01
    615.00  5.61e-01
    624.00  5.07e-01
    628.00  6.00e-01
    634.00  5.74e-01
    642.00  5.43e-01
    660.00  4.41e-01
    670.00  3.00e-01
    680.00  4.70e-01
    690.00  4.30e-01
    704.00  3.89e-01
    719.00  3.97e-01
    721.00  3.91e-01
    723.00  3.76e-01
    725.00  3.57e-01
    735.00  2.72e-01
    737.00  2.55e-01
    741.00  2.39e-01
    744.00  2.66e-01
    750.00  3.21e-01
    752.00  3.23e-01
    760.00  3.41e-01
    770.00  3.51e-01
    774.00  3.97e-01
    778.00  4.45e-01
    780.00  4.70e-01
    785.00  4.46e-01
    791.00  4.25e-01
    793.00  4.35e-01
    800.00  4.70e-01
    801.00  4.62e-01
    805.00  4.34e-01
    807.00  4.22e-01
    812.00  4.00e-01
    813.00  4.00e-01
    815.00  4.00e-01
    830.00  4.00e-01
    832.00  4.00e-01
    838.00  4.00e-01
    840.00  3.99e-01
    844.00  4.00e-01
    850.00  3.99e-01
    853.00  4.00e-01
    857.00  4.00e-01
    860.00  4.00e-01
    867.00  2.21e-01
    870.00  2.51e-01
    875.00  3.00e-01
    879.00  3.17e-01
    881.00  3.24e-01
    882.00  3.50e-01
    900.00  4.01e-01
    906.00  4.60e-01
    910.00  5.00e-01
    915.00  5.00e-01
    919.00  5.01e-01
    927.00  4.44e-01
    928.00  4.35e-01
    930.00  4.20e-01
    933.00  4.02e-01
    935.00  3.90e-01
    938.00  3.72e-01
    944.00  3.24e-01
    950.00  2.71e-01
    956.00  2.76e-01
    960.00  2.80e-01
    965.00  2.00e-01
    970.00  1.20e-01
    972.00  1.76e-01
    981.00  3.69e-01
    990.00  1.00e-01
   1000.00  5.00e-02
   1043.00  1.00e-01
   1141.60  1.00e 00
   1850.00  1.00e 00
   2000.00  8.59e-01
   2100.00  7.17e-01
   2200.00  5.76e-01
   2300.00  4.36e-01
   2400.00  2.94e-01
   2500.00  1.52e-01
   2560.00  1.21e-01
   2585.00  1.44e-01
   2600.00  1.58e-01
   2615.00  1.72e-01
   2635.00  1.91e-01
   2650.00  2.04e-01
   2670.00  2.23e-01
   2695.00  2.46e-01
   2705.00  2.56e-01
   2730.00  1.40e-01
   2750.00  4.60e-02
   2750.01  0.00e 00
   7000.00  0.00e 00
        76      0.00   1141.60 h2co     h2coi    31  2
 lambda=600.a-1760.a  mentall, j. e., gentieu, e. ., kraus, m. and neumann, d.
    (1971)
    j. chem. phys. 55, 5471
 lambda=1760.a-1850.a  gentieu, e. p. and mentall, j. e. (1970)
    science 169, 681
 lambda=1141.6a  threshold  guyon, p. m., chupka, w. a. and berkowitz, j.
(1976)
    j. chem. phys. 64, 1419
 lambda=600.a-1141.6a  branching ratio  mentall, j. e., gentieu, e. p., kraus,
    m. and neumann, d. (1971)
    j. chem. phys. 55, 5471
 lambda=680.a-1043.a  branching ratio  guyon, p. m., chupka, w. a. and
berkowitz
    j. (1976)
    j. chem. phys. 64, 1419

      1.00  0.00e 00
    600.00  1.05e-01
    615.00  9.70e-02
    624.00  1.12e-01
    628.00  9.22e-02
    634.00  1.00e-01
    642.00  1.10e-01
    660.00  1.42e-01
    670.00  1.83e-01
    680.00  1.43e-01
    690.00  1.63e-01
    704.00  1.87e-01
    719.00  1.99e-01
    721.00  2.03e-01
    723.00  2.10e-01
    725.00  2.19e-01
    735.00  2.59e-01
    737.00  2.67e-01
    741.00  2.78e-01
    744.00  2.72e-01
    750.00  2.59e-01
    752.00  2.61e-01
    760.00  2.63e-01
    770.00  2.70e-01
    774.00  2.50e-01
    778.00  2.29e-01
    780.00  2.18e-01
    785.00  2.27e-01
    791.00  2.33e-01
    793.00  2.28e-01
    800.00  2.12e-01
    801.00  2.15e-01
    805.00  2.30e-01
    807.00  2.37e-01
    812.00  2.51e-01
    813.00  2.52e-01
    815.00  2.54e-01
    830.00  2.93e-01
    832.00  2.99e-01
    838.00  3.19e-01
    840.00  3.26e-01
    844.00  3.39e-01
    850.00  3.60e-01
    853.00  3.69e-01
    857.00  3.83e-01
    860.00  3.93e-01
    867.00  5.39e-01
    870.00  5.30e-01
    875.00  5.14e-01
    879.00  5.15e-01
    881.00  5.14e-01
    882.00  5.00e-01
    900.00  4.49e-01
    906.00  3.78e-01
    910.00  3.33e-01
    915.00  3.13e-01
    919.00  2.95e-01
    927.00  2.92e-01
    928.00  2.92e-01
    930.00  2.90e-01
    933.00  3.15e-01
    935.00  3.34e-01
    938.00  3.62e-01
    944.00  4.27e-01
    950.00  5.46e-01
    956.00  5.43e-01
    960.00  5.40e-01
    965.00  6.08e-01
    970.00  6.77e-01
    972.00  6.38e-01
    981.00  5.01e-01
    990.00  7.40e-01
   1000.00  8.14e-01
   1043.00  9.00e-01
   1141.60  0.00e 00
   7000.00  0.00e 00
        76      0.00   1043.00 h2co     hcoih    31 40
 lambda=600.a-1760.a  mentall, j. e., gentieu, e. p., kraus, m. and
neumann, d.
    (1971)
    j. chem. phys. 55, 5471
 lambda=1043.a  threshold  guyon, p. m., chupka, w. a. and berkowitz, j.
(1976)
    j. chem. phys. 64, 1419
 lambda=600.a-1141.6a  branching ratio  mentall, j. e., gentieu, e. p., kraus,
    m. and neumann, d. (1971)
    j. chem. phys. 55, 5471
 lambda=680.a-1043.a  branching ratio  guyon, p. m., chupka, w. a. and
berkowitz
    j. (1976)
    j. chem. phys. 64, 1419

      1.00  1.00e-03
    600.00  2.92e-01
    615.00  2.61e-01
    624.00  2.95e-01
    628.00  2.41e-01
    634.00  2.57e-01
    642.00  2.78e-01
    660.00  3.47e-01
    670.00  4.37e-01
    680.00  3.34e-01
    690.00  3.50e-01
    704.00  3.63e-01
    719.00  3.46e-01
    721.00  3.48e-01
    723.00  3.55e-01
    725.00  3.64e-01
    735.00  4.03e-01
    737.00  4.10e-01
    741.00  4.14e-01
    744.00  3.97e-01
    750.00  3.62e-01
    752.00  3.59e-01
    760.00  3.44e-01
    770.00  3.32e-01
    774.00  3.11e-01
    778.00  2.89e-01
    780.00  2.78e-01
    785.00  2.94e-01
    791.00  3.09e-01
    793.00  3.05e-01
    800.00  2.91e-01
    801.00  2.97e-01
    805.00  3.12e-01
    807.00  3.19e-01
    812.00  3.30e-01
    813.00  3.29e-01
    815.00  3.30e-01
    830.00  2.97e-01
    832.00  2.92e-01
    838.00  2.72e-01
    840.00  2.67e-01
    844.00  2.54e-01
    850.00  2.35e-01
    853.00  2.25e-01
    857.00  2.12e-01
    860.00  2.03e-01
    867.00  2.37e-01
    870.00  2.16e-01
    875.00  1.85e-01
    879.00  1.68e-01
    881.00  1.62e-01
    882.00  1.50e-01
    900.00  1.50e-01
    906.00  1.62e-01
    910.00  1.67e-01
    915.00  1.87e-01
    919.00  2.04e-01
    927.00  2.64e-01
    928.00  2.73e-01
    930.00  2.90e-01
    933.00  2.83e-01
    935.00  2.76e-01
    938.00  2.66e-01
    944.00  2.49e-01
    950.00  1.83e-01
    956.00  1.81e-01
    960.00  1.80e-01
    965.00  1.92e-01
    970.00  2.03e-01
    972.00  1.86e-01
    981.00  1.30e-01
    982.00  1.59e-01
    990.00  1.59e-01
   1000.00  1.36e-01
   1043.00  0.00e 00
   7000.00  0.00e 00
         0      0.00    882.00 h2co     coih2    32 40
***
