       270      0.00   7000.00 H2CO     total
  
      1.00  9.00E-23
     10.00  9.10E-20
     22.50  7.60E-19
     23.50  2.40E-19
     41.00  1.10E-18
     43.00  1.60E-19
     50.00  2.50E-19
    100.00  1.30E-18
    200.00  5.90E-18
    300.00  1.00E-17
    400.00  1.42E-17
    500.00  1.81E-17
    600.00  2.50E-17
    615.00  3.30E-17
    624.00  3.10E-17
    628.00  3.75E-17
    634.00  3.50E-17
    642.00  3.70E-17
    660.00  3.40E-17
    670.00  3.00E-17
    680.00  3.60E-17
    690.00  3.49E-17
    704.00  3.49E-17
    719.00  3.30E-17
    721.00  3.70E-17
    723.00  3.70E-17
    725.00  3.00E-17
    735.00  3.30E-17
    737.00  2.71E-17
    741.00  2.80E-17
    744.00  3.50E-17
    750.00  3.40E-17
    752.00  3.09E-17
    760.00  3.20E-17
    770.00  3.70E-17
    774.00  3.50E-17
    778.00  4.40E-17
    780.00  4.10E-17
    785.00  4.80E-17
    791.00  4.80E-17
    793.00  4.09E-17
    800.00  4.70E-17
    801.00  3.51E-17
    805.00  4.10E-17
    807.00  3.30E-17
    812.00  3.70E-17
    813.00  4.80E-17
    815.00  3.70E-17
    830.00  4.10E-17
    832.00  3.20E-17
    838.00  4.70E-17
    840.00  3.00E-17
    844.00  4.10E-17
    850.00  2.40E-17
    853.00  3.60E-17
    857.00  2.40E-17
    860.00  2.80E-17
    867.00  1.89E-17
    870.00  2.49E-17
    875.00  1.90E-17
    879.00  2.89E-17
    881.00  1.30E-17
    882.01  1.38E-17
    900.00  3.90E-17
    906.00  3.60E-17
    910.00  3.00E-17
    915.00  4.60E-17
    919.00  3.70E-17
    927.00  5.00E-17
    928.00  5.90E-17
    930.00  5.20E-17
    933.00  5.20E-17
    935.00  7.10E-17
    938.00  4.70E-17
    944.00  6.70E-17
    950.00  3.49E-17
    956.00  5.80E-17
    960.00  3.30E-17
    965.00  2.40E-17
    970.00  3.20E-17
    972.00  2.01E-17
    981.00  3.20E-17
    990.00  1.50E-17
   1000.00  1.70E-17
   1043.00  1.62E-17
   1043.10  1.62E-17
   1100.00  1.51E-17
   1141.70  1.67E-17
   1150.00  1.70E-17
   1160.00  1.90E-17
   1164.00  1.10E-17
   1168.00  1.80E-17
   1172.00  9.30E-18
   1177.00  2.60E-17
   1181.00  7.40E-18
   1185.00  1.80E-17
   1189.00  9.00E-18
   1192.00  2.20E-17
   1205.00  3.70E-18
   1210.00  1.90E-17
   1215.00  7.40E-18
   1222.00  3.20E-17
   1226.00  7.30E-18
   1234.00  7.20E-18
   1237.00  3.00E-17
   1240.00  6.00E-18
   1256.00  8.60E-18
   1260.00  2.60E-17
   1266.00  7.40E-18
   1283.00  1.50E-17
   1288.00  7.30E-17
   1291.00  2.40E-17
   1293.00  3.10E-17
   1298.00  6.00E-18
   1302.00  1.20E-17
   1306.00  6.00E-18
   1321.00  6.00E-18
   1330.00  3.00E-18
   1339.00  1.40E-17
   1347.00  7.00E-18
   1350.00  1.90E-17
   1358.00  7.00E-18
   1370.00  1.10E-17
   1374.00  4.80E-17
   1377.00  1.30E-17
   1388.00  6.00E-18
   1394.00  8.00E-18
   1398.00  5.20E-17
   1400.00  1.00E-17
   1410.00  4.00E-18
   1450.00  3.00E-18
   1475.00  6.00E-18
   1490.00  4.00E-18
   1501.00  2.40E-17
   1506.00  5.00E-18
   1515.00  5.00E-18
   1520.00  5.80E-17
   1524.00  3.50E-17
   1528.00  7.10E-17
   1533.00  8.00E-18
   1550.00  7.00E-18
   1557.00  6.70E-17
   1560.00  4.00E-18
   1570.00  5.00E-19
   1660.00  5.00E-19
   1680.00  2.00E-18
   1700.00  1.00E-18
   1710.00  2.00E-18
   1724.00  1.10E-17
   1732.00  1.10E-17
   1740.00  2.20E-17
   1745.00  1.90E-17
   1750.00  5.20E-17
   1758.00  5.00E-18
   1760.00  4.00E-18
   1800.00  5.00E-18
   1850.00  2.00E-18
   2000.00  1.30E-20
   2100.00  8.00E-21
   2200.00  5.00E-21
   2300.00  3.60E-21
   2400.00  3.00E-21
   2500.00  4.80E-21
   2560.00  8.00E-21
   2585.00  5.70E-21
   2600.00  2.50E-21
   2612.00  6.00E-21
   2618.00  2.50E-21
   2625.00  2.50E-21
   2634.70  9.90E-21
   2640.00  1.20E-20
   2645.00  5.00E-21
   2665.00  2.50E-21
   2672.50  1.40E-20
   2675.00  8.00E-21
   2682.50  1.30E-20
   2690.00  6.50E-21
   2700.00  6.50E-21
   2710.00  2.00E-20
   2713.60  2.10E-20
   2716.00  2.00E-20
   2730.00  5.00E-21
   2745.00  5.00E-21
   2750.00  3.25E-20
   2750.01  3.25E-20
   2755.00  2.00E-20
   2762.60  2.80E-20
   2766.50  2.10E-20
   2780.00  6.50E-21
   2797.60  2.90E-20
   2807.00  1.10E-20
   2810.00  1.70E-20
   2825.00  5.00E-21
   2830.00  5.00E-21
   2835.00  5.00E-20
   2847.00  5.60E-20
   2850.00  3.50E-20
   2870.00  7.50E-21
   2875.00  2.50E-20
   2885.90  4.60E-20
   2900.00  6.50E-21
   2910.00  2.00E-20
   2920.00  7.50E-21
   2925.00  6.50E-21
   2938.10  8.40E-20
   2948.00  2.50E-20
   2950.00  4.20E-20
   2955.00  2.50E-20
   2970.00  7.00E-21
   2985.70  4.80E-20
   2995.00  1.25E-20
   3007.00  5.00E-21
   3012.00  2.50E-20
   3020.00  1.25E-20
   3028.00  5.00E-21
   3041.80  6.90E-20
   3050.00  2.40E-20
   3054.90  6.30E-20
   3060.00  4.50E-20
   3074.00  7.00E-21
   3077.00  7.00E-21
   3080.00  2.50E-20
   3091.00  4.20E-20
   3095.00  2.50E-20
   3105.00  1.00E-20
   3112.00  2.50E-21
   3118.00  1.00E-20
   3123.00  2.00E-20
   3130.00  6.50E-21
   3144.30  7.60E-20
   3150.00  3.70E-20
   3160.00  1.00E-20
   3171.20  7.10E-20
   3173.00  3.75E-20
   3195.00  2.50E-21
   3198.00  2.00E-21
   3203.00  2.25E-20
   3215.00  1.25E-20
   3225.00  1.00E-21
   3228.00  5.00E-22
   3241.00  1.20E-20
   3248.00  6.00E-21
   3261.80  7.10E-20
   3270.00  2.50E-20
   3276.00  3.00E-21
   3282.00  2.00E-21
   3295.80  5.40E-20
   3300.00  2.00E-20
   3310.00  1.00E-21
   3320.00  1.00E-22
   3340.00  1.00E-22
   3345.00  1.00E-21
   3350.00  1.00E-22
   3360.00  1.00E-22
   3370.00  2.50E-21
   3375.00  2.50E-21
   3390.30  5.80E-20
   3400.00  1.25E-20
   3420.00  1.00E-22
   3431.90  2.50E-20
   3450.00  5.00E-22
   3460.00  1.00E-22
   3517.00  1.00E-22
   3531.70  3.00E-20
   3553.00  1.00E-21
   3560.00  1.00E-22
   3600.00  1.00E-22
   3700.00  1.90E-21
   3740.00  1.00E-35
   7000.00  1.00E-35
  5 
        58      0.00   3340.00 H2CO     HCO/H    44 26
Lambda = 0.-500. A
   Barfield, W. D., Koontz, G. D., Huebner W. F. (1972) 
   J. Quant. Spectr. Rad. Trans. 12, 1409 
Lambda = 600.-1760. A
   Mentall, J. E., Gentieu, E. P., Kraus, M., Neumann, D. (1971)
   J. Chem. Phys. 55, 5471 
Lambda = 1760.-1850. A
   Gentieu, E. P., Mentall, J. E. (1970) 
   Science 169, 681
Lambda = 2000.-2634.7A  calvert, j. g. and pitts, jr., j. n. (1966)
   photochemistry, john wiley + sons, inc., n. y.
Lambda = 2634.7A-3531.7A  Rogers   (1990)
   J. Chem. Phys. 
Lambda = 3531.7A-3740.a  calvert, j. g. and pitts, jr., j. n. (1966)
   photochemistry, john wiley + sons, inc., n. y.
predissociation  calvert, j. g. and pitts, jr., j. n. (1966) 
   photochemistry, john wiley + sons, inc., n. y.
Lambda = 3493.a  threshold  glicker, s. and stief, l. j. (1971)
   j. chem. phys. 54, 2852
Branching ratio:
Lambda = 2991.-3392. A
   Clark, J. H., Moore, C. B., Nogar, N. S. (1978)
   J. Chem. Phys. 68, 1264
  
      1.00  0.00E 00
   1850.00  0.00E 00
   2000.00  1.41E-01
   2100.00  2.83E-01
   2200.00  4.24E-01
   2300.00  5.64E-01
   2400.00  7.06E-01
   2500.00  8.48E-01
   2560.00  8.79E-01
   2585.00  8.56E-01
   2600.00  8.42E-01
   2615.00  8.28E-01
   2635.00  8.09E-01
   2650.00  7.96E-01
   2670.00  7.77E-01
   2695.00  7.54E-01
   2705.00  7.44E-01
   2730.00  7.20E-01
   2750.00  7.03E-01
   2750.01  7.00E-01
   2760.00  6.94E-01
   2780.00  6.75E-01
   2795.00  6.62E-01
   2800.00  6.57E-01
   2825.00  6.34E-01
   2840.00  6.19E-01
   2860.00  6.01E-01
   2880.00  5.82E-01
   2898.00  5.66E-01
   2903.00  5.62E-01
   2915.00  5.50E-01
   2935.00  5.31E-01
   2960.00  5.09E-01
   2975.00  4.95E-01
   3000.00  4.77E-01
   3010.00  4.74E-01
   3020.00  4.70E-01
   3040.00  4.64E-01
   3050.00  4.60E-01
   3075.00  4.52E-01
   3085.00  4.50E-01
   3110.00  4.41E-01
   3120.00  4.37E-01
   3130.00  4.34E-01
   3140.00  4.31E-01
   3150.00  4.28E-01
   3160.00  4.24E-01
   3195.00  4.10E-01
   3205.00  4.06E-01
   3220.00  3.99E-01
   3230.00  3.95E-01
   3265.00  3.79E-01
   3280.00  3.47E-01
   3295.00  3.16E-01
   3330.00  2.05E-01
   3340.00  1.50E-01
   3341.00  0.00E 00
   7000.00  0.00E 00
        43      0.00   7000.00 H2CO     CO/H2    43 26
Lambda = 2000.-3740.a  calvert, j. g. and pitts, jr., j. n. (1966)
   photochemistry, john wiley + sons, inc., n. y.
predissociation  calvert, j. g. and pitts, jr., j. n. (1966) 
   photochemistry, john wiley + sons, inc., n. y.
Branching ratio:
Lambda = 2991.-3392. A
   Clark, J. H., Moore, C. B., Nogar, N. S. (1978)
   J. Chem. Phys. 68, 1264
Lambda = 7000.a  guessed dissociation threshold (heat of formation is negative) 
  
      1.00  0.00E 00
   2705.00  0.00E 00
   2730.00  1.40E-01
   2750.00  2.51E-01
   2750.01  3.00E-01
   2760.00  3.06E-01
   2780.00  3.25E-01
   2795.00  3.38E-01
   2800.00  3.43E-01
   2825.00  3.66E-01
   2840.00  3.81E-01
   2860.00  3.99E-01
   2880.00  4.18E-01
   2898.00  4.34E-01
   2903.00  4.38E-01
   2915.00  4.50E-01
   2935.00  4.69E-01
   2960.00  4.91E-01
   2975.00  5.05E-01
   3000.00  5.23E-01
   3010.00  5.26E-01
   3020.00  5.30E-01
   3040.00  5.36E-01
   3050.00  5.40E-01
   3075.00  5.48E-01
   3085.00  5.50E-01
   3110.00  5.59E-01
   3120.00  5.63E-01
   3130.00  5.66E-01
   3140.00  5.69E-01
   3150.00  5.72E-01
   3160.00  5.76E-01
   3195.00  5.90E-01
   3205.00  5.94E-01
   3220.00  6.01E-01
   3230.00  6.05E-01
   3265.00  6.21E-01
   3280.00  6.53E-01
   3295.00  6.84E-01
   3330.00  7.95E-01
   3340.00  8.50E-01
   3341.00  1.00E 00
   7000.00  1.00E 00
        95      0.00   2750.00 H2CO     CO/H/H   45 26
Lambda = 600.-1760. A
   Mentall, J. E., Gentieu, E. P., Kraus, M., Neumann, D. (1971)
   J. Chem. Phys. 55, 5471 
Lambda = 1760.-1850. A
   Gentieu, E. P., Mentall, J. E. (1970) 
   Science 169, 681
Branching ratio:
Lambda = 600.-1141.6 A
   Mentall, J. E., Gentieu, E. P., Kraus, M., Neumann, D. (1971)
   J. Chem. Phys. 55, 5471 
Lambda = 1470. A, 1236. A
   Stief, L. J., Donn, B., Glicker, S., Gentieu, E. P., Mentall, J. E. (1972)
   J. Chem. Phys. 54, 2852
   also
   Clark, J. H., Moore, C. B., Nogar, N. S. (1978)
   J. Chem. Phys. 68, 1264
  
      1.00  1.00E-03
    600.00  5.00E-01
    615.00  5.61E-01
    624.00  5.07E-01
    628.00  6.00E-01
    634.00  5.74E-01
    642.00  5.43E-01
    660.00  4.41E-01
    670.00  3.00E-01
    680.00  4.70E-01
    690.00  4.30E-01
    704.00  3.89E-01
    719.00  3.97E-01
    721.00  3.91E-01
    723.00  3.76E-01
    725.00  3.57E-01
    735.00  2.72E-01
    737.00  2.55E-01
    741.00  2.39E-01
    744.00  2.66E-01
    750.00  3.21E-01
    752.00  3.23E-01
    760.00  3.41E-01
    770.00  3.51E-01
    774.00  3.97E-01
    778.00  4.45E-01
    780.00  4.70E-01
    785.00  4.46E-01
    791.00  4.25E-01
    793.00  4.35E-01
    800.00  4.70E-01
    801.00  4.62E-01
    805.00  4.34E-01
    807.00  4.22E-01
    812.00  4.00E-01
    813.00  4.00E-01
    815.00  4.00E-01
    830.00  4.00E-01
    832.00  4.00E-01
    838.00  4.00E-01
    840.00  3.99E-01
    844.00  4.00E-01
    850.00  3.99E-01
    853.00  4.00E-01
    857.00  4.00E-01
    860.00  4.00E-01
    867.00  2.21E-01
    870.00  2.51E-01
    875.00  3.00E-01
    879.00  3.17E-01
    881.00  3.24E-01
    882.00  3.50E-01
    900.00  4.01E-01
    906.00  4.60E-01
    910.00  5.00E-01
    915.00  5.00E-01
    919.00  5.01E-01
    927.00  4.44E-01
    928.00  4.35E-01
    930.00  4.20E-01
    933.00  4.02E-01
    935.00  3.90E-01
    938.00  3.72E-01
    944.00  3.24E-01
    950.00  2.71E-01
    956.00  2.76E-01
    960.00  2.80E-01
    965.00  2.00E-01
    970.00  1.20E-01
    972.00  1.76E-01
    981.00  3.69E-01
    990.00  1.00E-01
   1000.00  5.00E-02
   1043.00  1.00E-01
   1141.60  1.00E 00
   1850.00  1.00E 00
   2000.00  8.59E-01
   2100.00  7.17E-01
   2200.00  5.76E-01
   2300.00  4.36E-01
   2400.00  2.94E-01
   2500.00  1.52E-01
   2560.00  1.21E-01
   2585.00  1.44E-01
   2600.00  1.58E-01
   2615.00  1.72E-01
   2635.00  1.91E-01
   2650.00  2.04E-01
   2670.00  2.23E-01
   2695.00  2.46E-01
   2705.00  2.56E-01
   2730.00  1.40E-01
   2750.00  4.60E-02
   2750.01  0.00E 00
   7000.00  0.00E 00
        76      0.00   1141.60 H2CO     H2CO+    31  2
Lambda = 600.-1760. A
   Mentall, J. E., Gentieu, E. P., Kraus, M., Neumann, D. (1971)
   J. Chem. Phys. 55, 5471 
Lambda = 1760.-1850. A
   Gentieu, E. P., Mentall, J. E. (1970) 
   Science 169, 681
Threshold:
Lambda = 1141.6 A
   Guyon, P. M., Chupka, W. A., Berkowitz, J. (1976)
   J. Chem. Phys. 64, 1419 
Branching ratio:
Lambda = 600.-1141.6 A
   Mentall, J. E., Gentieu, E. P., Kraus, M., Neumann, D. (1971)
   J. Chem. Phys. 55, 5471 
Lambda = 680.-1043. A
   Guyon, P. M., Chupka, W. A., Berkowitz, J. (1976)
   J. Chem. Phys. 64, 1419 
  
      1.00  0.00E 00
    600.00  1.05E-01
    615.00  9.70E-02
    624.00  1.12E-01
    628.00  9.22E-02
    634.00  1.00E-01
    642.00  1.10E-01
    660.00  1.42E-01
    670.00  1.83E-01
    680.00  1.43E-01
    690.00  1.63E-01
    704.00  1.87E-01
    719.00  1.99E-01
    721.00  2.03E-01
    723.00  2.10E-01
    725.00  2.19E-01
    735.00  2.59E-01
    737.00  2.67E-01
    741.00  2.78E-01
    744.00  2.72E-01
    750.00  2.59E-01
    752.00  2.61E-01
    760.00  2.63E-01
    770.00  2.70E-01
    774.00  2.50E-01
    778.00  2.29E-01
    780.00  2.18E-01
    785.00  2.27E-01
    791.00  2.33E-01
    793.00  2.28E-01
    800.00  2.12E-01
    801.00  2.15E-01
    805.00  2.30E-01
    807.00  2.37E-01
    812.00  2.51E-01
    813.00  2.52E-01
    815.00  2.54E-01
    830.00  2.93E-01
    832.00  2.99E-01
    838.00  3.19E-01
    840.00  3.26E-01
    844.00  3.39E-01
    850.00  3.60E-01
    853.00  3.69E-01
    857.00  3.83E-01
    860.00  3.93E-01
    867.00  5.39E-01
    870.00  5.30E-01
    875.00  5.14E-01
    879.00  5.15E-01
    881.00  5.14E-01
    882.00  5.00E-01
    900.00  4.49E-01
    906.00  3.78E-01
    910.00  3.33E-01
    915.00  3.13E-01
    919.00  2.95E-01
    927.00  2.92E-01
    928.00  2.92E-01
    930.00  2.90E-01
    933.00  3.15E-01
    935.00  3.34E-01
    938.00  3.62E-01
    944.00  4.27E-01
    950.00  5.46E-01
    956.00  5.43E-01
    960.00  5.40E-01
    965.00  6.08E-01
    970.00  6.77E-01
    972.00  6.38E-01
    981.00  5.01E-01
    990.00  7.40E-01
   1000.00  8.14E-01
   1043.00  9.00E-01
   1141.60  0.00E 00
   7000.00  0.00E 00
        76      0.00   1043.00 H2CO     HCO+H    31 40
Lambda = 600.-1760. A
   Mentall, J. E., Gentieu, E. P., Kraus, M., Neumann, D. (1971)
   J. Chem. Phys. 55, 5471 
Threshold:
Lambda = 1043. A
   Guyon, P. M., Chupka, W. A., Berkowitz, J. (1976)
   J. Chem. Phys. 64, 1419 
Branching ratio:
Lambda = 600.-1141.6 A
   Mentall, J. E., Gentieu, E. P., Kraus, M., Neumann, D. (1971)
   J. Chem. Phys. 55, 5471 
Lambda = 680.-1043. A
   Guyon, P. M., Chupka, W. A., Berkowitz, J. (1976)
   J. Chem. Phys. 64, 1419 
  
      1.00  1.00E-03
    600.00  2.92E-01
    615.00  2.61E-01
    624.00  2.95E-01
    628.00  2.41E-01
    634.00  2.57E-01
    642.00  2.78E-01
    660.00  3.47E-01
    670.00  4.37E-01
    680.00  3.34E-01
    690.00  3.50E-01
    704.00  3.63E-01
    719.00  3.46E-01
    721.00  3.48E-01
    723.00  3.55E-01
    725.00  3.64E-01
    735.00  4.03E-01
    737.00  4.10E-01
    741.00  4.14E-01
    744.00  3.97E-01
    750.00  3.62E-01
    752.00  3.59E-01
    760.00  3.44E-01
    770.00  3.32E-01
    774.00  3.11E-01
    778.00  2.89E-01
    780.00  2.78E-01
    785.00  2.94E-01
    791.00  3.09E-01
    793.00  3.05E-01
    800.00  2.91E-01
    801.00  2.97E-01
    805.00  3.12E-01
    807.00  3.19E-01
    812.00  3.30E-01
    813.00  3.29E-01
    815.00  3.30E-01
    830.00  2.97E-01
    832.00  2.92E-01
    838.00  2.72E-01
    840.00  2.67E-01
    844.00  2.54E-01
    850.00  2.35E-01
    853.00  2.25E-01
    857.00  2.12E-01
    860.00  2.03E-01
    867.00  2.37E-01
    870.00  2.16E-01
    875.00  1.85E-01
    879.00  1.68E-01
    881.00  1.62E-01
    882.00  1.50E-01
    900.00  1.50E-01
    906.00  1.62E-01
    910.00  1.67E-01
    915.00  1.87E-01
    919.00  2.04E-01
    927.00  2.64E-01
    928.00  2.73E-01
    930.00  2.90E-01
    933.00  2.83E-01
    935.00  2.76E-01
    938.00  2.66E-01
    944.00  2.49E-01
    950.00  1.83E-01
    956.00  1.81E-01
    960.00  1.80E-01
    965.00  1.92E-01
    970.00  2.03E-01
    972.00  1.86E-01
    981.00  1.30E-01
    982.00  1.59E-01
    990.00  1.59E-01
   1000.00  1.36E-01
   1043.00  0.00E 00
   7000.00  0.00E 00
         0      0.00    882.00 H2CO     CO+H2    32 40
***