       172      0.00   2424.60 H2O      Total
Cross section:
Lambda = 1.-100.00 A
   Barfield, W. D., Koontz, G. D., Huebner W. F. (1972)
   J. Quant. Spectr. Rad. Trans. 12, 1409
   (cross section of H2O = cross section of atomic O)
Lambda = 180.-720. A
   Phillips, E., Lee, L. C., Judge, D. L. (1977)
   J. Quant. Spectr. Rad. Trans. 18, 309
Lambda = 600.-690. A
   Dibler, V. H., Walker, J. A., Rosenstock, H. M. (1966)
   J. Res. NBS-A. Phys. Chem. 70, 459
Lambda = 700.-980.8 A
   Katayama, D. H., Huffman, R. E., O'Bryan, C. L. (1973)
   J. Chem. Phys. 59, 4309
Lambda = 850.-1110. A
   Watanabe, K., Jursa, A. S. (1964)
   J. Chem. Phys. 41, 1650
Lambda = 1060.-1860. A
   Watanabe, K., Zelikoff, M. (1953)
   J. Opt. Soc. Am. 43, 753

      1.00  1.00E-22
      5.00  1.00E-20
     10.00  6.80E-20
     20.00  1.30E-19
     22.50  5.60E-19
     23.50  2.90E-20
    100.00  1.25E-18
    180.00  5.00E-18
    200.00  5.70E-18
    220.00  6.60E-18
    240.00  7.60E-18
    260.00  8.30E-18
    280.00  9.60E-18
    300.00  1.01E-17
    320.00  1.06E-17
    340.00  1.15E-17
    360.00  1.23E-17
    380.00  1.32E-17
    400.00  1.43E-17
    420.00  1.56E-17
    440.00  1.72E-17
    460.00  1.78E-17
    480.00  1.77E-17
    500.00  1.83E-17
    520.00  1.90E-17
    540.00  1.99E-17
    560.00  2.07E-17
    580.00  2.13E-17
    600.00  2.19E-17
    620.00  2.25E-17
    640.00  2.27E-17
    660.00  2.28E-17
    680.00  2.27E-17
    700.00  2.19E-17
    720.00  2.18E-17
    722.80  2.18E-17
    734.50  2.18E-17
    742.00  2.00E-17
    750.00  2.17E-17
    758.70  1.93E-17
    766.60  1.95E-17
    776.70  1.78E-17
    784.00  1.72E-17
    793.60  1.67E-17
    800.00  1.60E-17
    802.50  1.64E-17
    808.60  1.68E-17
    815.60  1.71E-17
    822.20  1.77E-17
    829.70  1.80E-17
    833.70  1.76E-17
    836.50  1.86E-17
    844.20  1.88E-17
    848.80  1.83E-17
    851.10  1.98E-17
    852.60  1.86E-17
    855.20  1.88E-17
    857.50  1.98E-17
    859.20  1.97E-17
    861.00  1.78E-17
    862.50  1.91E-17
    865.00  1.97E-17
    866.80  1.98E-17
    867.90  1.99E-17
    870.20  2.05E-17
    872.40  2.06E-17
    874.10  2.05E-17
    877.70  2.05E-17
    879.00  2.07E-17
    883.30  2.05E-17
    885.80  2.26E-17
    887.40  2.08E-17
    891.40  2.16E-17
    893.00  2.37E-17
    894.40  2.28E-17
    900.30  2.42E-17
    903.00  1.97E-17
    905.00  1.91E-17
    908.10  2.40E-17
    909.00  2.42E-17
    910.00  2.32E-17
    911.50  2.11E-17
    915.50  2.25E-17
    916.70  2.57E-17
    917.50  2.41E-17
    918.60  2.29E-17
    923.80  2.25E-17
    925.30  2.37E-17
    926.20  2.54E-17
    927.40  2.34E-17
    930.00  1.93E-17
    932.40  2.40E-17
    933.80  2.43E-17
    934.80  2.35E-17
    936.30  2.20E-17
    941.20  2.29E-17
    942.60  2.41E-17
    943.40  2.18E-17
    945.30  2.06E-17
    948.00  2.00E-17
    949.40  2.06E-17
    951.10  2.02E-17
    952.10  2.02E-17
    958.20  1.86E-17
    959.80  1.94E-17
    960.80  1.77E-17
    963.30  1.78E-17
    965.40  1.67E-17
    967.30  1.76E-17
    968.40  1.77E-17
    970.00  1.38E-17
    977.20  1.51E-17
    978.00  1.51E-17
    984.00  1.32E-17
   1000.00  8.00E-18
   1020.00  5.00E-18
   1040.00  3.00E-18
   1060.00  1.90E-18
   1065.00  3.35E-18
   1070.00  2.30E-18
   1075.00  1.05E-17
   1080.00  3.70E-18
   1085.00  5.20E-18
   1090.00  1.10E-17
   1095.00  4.10E-18
   1100.00  3.70E-18
   1105.00  2.40E-18
   1110.00  1.80E-17
   1112.00  1.90E-17
   1115.00  1.80E-17
   1118.00  3.00E-18
   1120.00  1.85E-17
   1125.00  1.80E-17
   1126.00  1.90E-17
   1130.00  7.40E-18
   1135.00  2.20E-18
   1140.00  1.70E-18
   1150.00  4.10E-18
   1160.00  1.85E-18
   1172.00  7.80E-18
   1180.00  2.60E-18
   1190.00  1.10E-17
   1200.00  6.00E-18
   1205.00  3.70E-18
   1210.00  7.40E-18
   1215.00  1.70E-17
   1218.00  1.85E-17
   1220.00  1.30E-17
   1225.00  3.70E-18
   1230.00  2.60E-18
   1235.00  7.40E-18
   1240.00  1.40E-17
   1245.00  5.60E-18
   1250.00  6.70E-18
   1300.00  7.00E-18
   1304.00  7.00E-18
   1304.10  7.00E-18
   1350.00  3.50E-18
   1400.00  8.00E-19
   1430.00  5.00E-19
   1450.00  5.00E-19
   1500.00  1.00E-18
   1550.00  2.20E-18
   1600.00  3.90E-18
   1650.00  5.00E-18
   1700.00  4.50E-18
   1750.00  3.00E-18
   1800.00  9.50E-19
   1850.00  5.00E-20
   1860.00  1.00E-20
   1860.50  1.00E-35
   2424.60  1.00E-35
  6
        94      0.00   2424.60 H2O      H/OH     31 26

      0.00  7.50E-02
    600.00  1.38E-01
    610.00  1.34E-01
    620.00  1.34E-01
    630.00  1.35E-01
    640.00  1.29E-01
    650.00  1.25E-01
    660.00  1.34E-01
    670.00  1.94E-01
    680.00  2.24E-01
    690.00  2.18E-01
    700.00  2.18E-01
    722.80  2.24E-01
    734.50  2.21E-01
    742.00  2.10E-01
    750.00  2.28E-01
    758.70  1.91E-01
    766.60  1.97E-01
    776.70  1.60E-01
    784.00  1.44E-01
    793.60  1.31E-01
    800.00  1.22E-01
    802.50  1.24E-01
    808.60  1.39E-01
    815.60  1.58E-01
    822.20  1.74E-01
    829.70  1.96E-01
    833.70  2.05E-01
    836.50  2.22E-01
    844.20  2.63E-01
    848.80  2.54E-01
    851.10  2.92E-01
    852.60  2.87E-01
    855.20  2.91E-01
    857.50  3.14E-01
    859.20  3.16E-01
    861.00  3.08E-01
    862.50  3.14E-01
    865.00  3.35E-01
    866.80  3.33E-01
    867.90  3.39E-01
    870.20  3.70E-01
    872.40  3.68E-01
    874.10  3.74E-01
    877.70  3.74E-01
    879.00  3.80E-01
    883.30  3.77E-01
    885.80  4.12E-01
    887.40  4.15E-01
    891.40  4.03E-01
    893.00  4.31E-01
    894.40  4.37E-01
    900.30  4.40E-01
    903.00  4.31E-01
    905.00  4.40E-01
    908.10  4.72E-01
    909.00  4.74E-01
    910.00  4.82E-01
    911.50  4.66E-01
    915.50  4.67E-01
    916.70  4.85E-01
    917.50  4.85E-01
    918.60  4.91E-01
    923.80  4.64E-01
    925.30  4.81E-01
    926.20  5.05E-01
    927.40  5.03E-01
    930.00  4.78E-01
    932.40  4.91E-01
    933.80  4.85E-01
    934.80  4.91E-01
    936.30  4.91E-01
    941.20  5.01E-01
    942.60  4.92E-01
    943.40  4.79E-01
    945.30  4.81E-01
    948.00  4.84E-01
    949.40  4.95E-01
    951.10  4.76E-01
    952.10  4.76E-01
    958.20  5.00E-01
    959.80  4.99E-01
    960.80  4.83E-01
    963.30  4.97E-01
    965.40  4.81E-01
    967.30  4.94E-01
    968.40  4.88E-01
    970.00  4.62E-01
    977.20  4.82E-01
    978.00  4.92E-01
    982.60  7.50E-01
   1449.00  7.50E-01
   1450.00  1.00E 00
   2424.60  1.00E 00
        96      0.00   1770.00 H2O      H2/O1D   30 26
Lambda = 1.-1450. A
   McNesby, J. R., Tanaka, I., Okabe, H. (1962)
   J. Chem. Phys. 36, 605
Lambda = 1216. A
    Slanger, T. G., Black, G. (1982)
    J. Chem. Phys. 77, 2432.
    (branching ratio)

      0.00  2.50E-02
    600.00  4.60E-02
    610.00  4.48E-02
    620.00  4.45E-02
    630.00  4.50E-02
    640.00  4.30E-02
    650.00  4.18E-02
    660.00  4.45E-02
    670.00  6.45E-02
    680.00  7.48E-02
    690.00  7.28E-02
    700.00  7.25E-02
    722.80  7.45E-02
    734.50  7.35E-02
    742.00  7.00E-02
    750.00  7.60E-02
    758.70  6.35E-02
    766.60  6.55E-02
    776.70  5.33E-02
    784.00  4.80E-02
    793.60  4.35E-02
    800.00  4.08E-02
    802.50  4.13E-02
    808.60  4.63E-02
    815.60  5.28E-02
    822.20  5.80E-02
    829.70  6.53E-02
    833.70  6.83E-02
    836.50  7.40E-02
    844.20  8.78E-02
    848.80  8.48E-02
    851.10  9.73E-02
    852.60  9.55E-02
    855.20  9.70E-02
    857.50  1.05E-01
    859.20  1.05E-01
    861.00  1.03E-01
    862.50  1.05E-01
    865.00  1.12E-01
    866.80  1.11E-01
    867.90  1.13E-01
    870.20  1.23E-01
    872.40  1.23E-01
    874.10  1.25E-01
    877.70  1.25E-01
    879.00  1.27E-01
    883.30  1.26E-01
    885.80  1.37E-01
    887.40  1.38E-01
    891.40  1.34E-01
    893.00  1.44E-01
    894.40  1.46E-01
    900.30  1.47E-01
    903.00  1.44E-01
    905.00  1.47E-01
    908.10  1.57E-01
    909.00  1.58E-01
    910.00  1.61E-01
    911.50  1.55E-01
    915.50  1.56E-01
    916.70  1.62E-01
    917.50  1.62E-01
    918.60  1.64E-01
    923.80  1.55E-01
    925.30  1.60E-01
    926.20  1.68E-01
    927.40  1.68E-01
    930.00  1.59E-01
    932.40  1.64E-01
    933.80  1.62E-01
    934.80  1.64E-01
    936.30  1.64E-01
    941.20  1.67E-01
    942.60  1.64E-01
    943.40  1.60E-01
    945.30  1.60E-01
    948.00  1.61E-01
    949.40  1.65E-01
    951.10  1.59E-01
    952.10  1.59E-01
    958.20  1.67E-01
    959.80  1.66E-01
    960.80  1.61E-01
    963.30  1.66E-01
    965.40  1.60E-01
    967.30  1.65E-01
    968.40  1.63E-01
    970.00  1.54E-01
    977.20  1.61E-01
    978.00  1.64E-01
    982.60  1.00E-01
   1304.00  1.00E-01
   1304.10  2.50E-01
   1449.00  2.50E-01
   1450.00  0.00E 00
   2424.60  0.00E 00
         6      0.00   1304.00 H2O      O/H/H    32 26
Lambda = 1216. A
   Slanger, T. G., Black, G. (1982)
   J. Chem. Phys. 77, 2432-2437.
   (Branching ratio)

      0.00  0.00E 00
    978.00  0.00E 00
    982.60  1.50E-01
   1304.00  1.50E-01
   1304.10  0.00E 00
   2424.60  0.00E 00
        15      0.00    684.40 H2O      OH+H     21 40
Lambda = 304.-690. A
   Kronebusch, P. L., Berkowitz, J. (1976)
   Int. J. Mass Spectr. Ion phys. 22, 283

      0.00  2.50E-01
    304.00  1.84E-01
    354.00  1.89E-01
    374.00  1.92E-01
    413.00  1.94E-01
    446.00  2.14E-01
    460.00  2.19E-01
    496.00  2.10E-01
    537.00  2.10E-01
    584.00  2.28E-01
    620.00  2.04E-01
    663.00  1.28E-01
    584.40  2.35E-02
    690.00  0.00E 00
   2424.60  0.00E 00
        13      0.00    664.80 H2O      O+H2     22 40
Lambda = 304.-690. A
   Kronebusch, P. L., Berkowitz, J. (1976)
   Int. J. Mass Spectr. Ion Phys. 22, 283

      0.00  2.00E-01
    304.00  1.63E-02
    354.00  1.02E-02
    374.00  7.63E-03
    413.00  3.37E-03
    446.00  1.93E-03
    460.00  1.67E-03
    496.00  1.50E-03
    537.00  1.24E-03
    584.00  8.18E-04
    620.00  4.09E-04
    665.00  0.00E 00
   2424.60  0.00E 00
        13      0.00    662.30 H2O      H+OH     23 40
Lambda = 304.-690. A
   Kronebusch, P. L., Berkowitz, J. (1976)
   Int. J. Mass Spectr. Ion Phys. 22, 283

      0.00  2.00E-01
    304.00  4.37E-02
    354.00  2.98E-02
    374.00  2.63E-02
    413.00  2.95E-02
    446.00  3.08E-02
    460.00  3.18E-02
    496.00  3.43E-02
    537.00  3.59E-02
    584.00  3.93E-02
    620.00  2.84E-02
    663.00  0.00E 00
   1860.00  0.00E 00
         0      0.00    984.00 H2O      H2O+     20  2
***
