       386      0.00   2798.00 NH3      total
Cross section:
Lambda = 1.-350 A
   Synthesyzed from atomic cross sections 
Lambda = 374.1a-1306. A
   Sun, H., Weissler, G. L. (1955)
   J. Chem. Phys. 23, 1160
Lambda = 580.-1650. A
   Watanabe, K., Sood, S. P. (1965)
   Science of Light 14, 36
Lambda = 1650.-2170. A
   Watanabe, K. (1954) 
   J. Chem. Phys. 22, 1564
Lambda = 2140.-2330. A
   Thompson, B. A., Harteck, P., Reeves, Jr. R. R., (1963) 
   J. Geophys. Res. 68, 6431
  
      1.00  1.00E-21
     10.00  4.20E-20
     30.00  7.20E-19
     31.00  3.60E-20
     50.00  1.10E-19
    100.00  6.10E-19
    150.00  1.40E-18
    200.00  2.50E-18
    250.00  4.00E-18
    300.00  6.00E-18
    350.00  8.00E-18
    374.10  2.00E-17
    374.30  1.70E-17
    387.00  1.82E-17
    503.70  2.90E-17
    511.50  2.40E-17
    538.30  2.80E-17
    539.20  2.80E-17
    539.40  2.60E-17
    539.90  3.10E-17
    555.10  2.70E-17
    560.00  3.20E-17
    580.40  3.32E-17
    581.00  3.46E-17
    582.20  3.49E-17
    600.00  3.87E-17
    625.00  4.41E-17
    650.00  4.65E-17
    675.00  4.80E-17
    690.00  5.00E-17
    700.00  5.09E-17
    725.00  4.87E-17
    750.00  4.45E-17
    775.00  3.90E-17
    800.00  3.22E-17
    825.00  3.03E-17
    850.00  2.72E-17
    875.00  2.39E-17
    900.00  2.06E-17
    925.00  1.69E-17
    940.00  1.57E-17
    950.00  1.56E-17
    960.00  1.68E-17
    975.00  1.93E-17
    985.00  2.15E-17
   1000.00  2.32E-17
   1005.00  2.41E-17
   1010.00  2.53E-17
   1014.00  2.46E-17
   1020.00  2.46E-17
   1027.00  2.46E-17
   1030.00  2.42E-17
   1033.00  2.45E-17
   1038.00  2.40E-17
   1040.00  2.52E-17
   1044.00  2.61E-17
   1050.00  2.46E-17
   1056.00  2.33E-17
   1060.00  2.49E-17
   1065.00  2.57E-17
   1070.00  2.58E-17
   1073.00  2.55E-17
   1077.00  2.36E-17
   1080.00  2.28E-17
   1084.00  2.29E-17
   1090.00  2.25E-17
   1093.00  2.28E-17
   1099.00  2.36E-17
   1105.00  2.26E-17
   1108.00  2.41E-17
   1111.00  2.33E-17
   1115.00  2.37E-17
   1120.00  2.16E-17
   1122.00  2.33E-17
   1125.00  2.03E-17
   1127.00  2.10E-17
   1130.00  1.92E-17
   1136.00  2.08E-17
   1140.00  1.84E-17
   1142.00  1.68E-17
   1145.00  1.71E-17
   1150.00  1.90E-17
   1152.00  2.06E-17
   1155.00  1.55E-17
   1157.00  1.46E-17
   1159.00  1.51E-17
   1160.00  1.33E-17
   1165.00  2.20E-17
   1170.00  1.21E-17
   1173.00  1.75E-17
   1176.00  1.36E-17
   1178.00  2.72E-17
   1180.00  2.25E-17
   1185.00  1.15E-17
   1187.00  1.86E-17
   1189.00  1.33E-17
   1190.50  1.30E-17
   1191.50  2.03E-17
   1192.50  2.78E-17
   1193.00  1.57E-17
   1194.00  2.25E-17
   1195.00  1.78E-17
   1196.00  1.82E-17
   1198.00  1.44E-17
   1200.00  9.10E-18
   1202.00  1.88E-17
   1203.50  8.60E-18
   1204.00  1.22E-17
   1205.00  1.22E-17
   1207.50  2.33E-17
   1208.50  1.59E-17
   1210.00  1.39E-17
   1210.50  1.94E-17
   1214.00  7.20E-18
   1215.00  7.20E-18
   1217.00  9.40E-18
   1218.00  2.20E-17
   1219.00  1.03E-17
   1219.99  9.50E-18
   1220.00  9.50E-18
   1221.50  2.19E-17
   1225.00  1.20E-17
   1226.50  1.49E-17
   1229.00  4.50E-18
   1230.00  4.70E-18
   1230.50  6.50E-18
   1231.50  6.30E-18
   1233.50  2.16E-17
   1237.00  8.60E-18
   1238.50  2.87E-17
   1240.00  1.30E-17
   1242.00  1.20E-17
   1244.00  3.20E-18
   1247.00  4.50E-18
   1249.50  2.72E-17
   1252.50  6.30E-18
   1254.00  2.57E-17
   1256.00  1.45E-17
   1260.00  2.20E-18
   1262.00  5.21E-18
   1265.00  2.23E-17
   1268.00  9.50E-18
   1270.00  1.30E-17
   1270.50  2.79E-17
   1271.50  2.75E-17
   1275.00  3.50E-18
   1277.50  3.00E-18
   1280.00  5.20E-18
   1281.00  2.23E-17
   1282.00  1.34E-17
   1283.00  1.23E-17
   1284.00  1.94E-17
   1286.00  9.70E-18
   1287.00  1.53E-17
   1288.00  1.08E-17
   1289.50  3.13E-17
   1294.00  3.70E-18
   1295.00  3.40E-18
   1296.00  5.60E-18
   1297.00  3.60E-18
   1298.00  1.39E-17
   1299.00  8.40E-18
   1300.00  1.60E-17
   1301.00  1.02E-17
   1303.00  1.67E-17
   1305.00  1.04E-17
   1306.00  9.30E-18
   1307.50  3.78E-17
   1310.00  7.10E-18
   1312.00  3.60E-18
   1314.00  7.60E-18
   1314.50  4.80E-18
   1315.00  9.70E-18
   1315.50  5.40E-18
   1316.50  8.40E-18
   1319.50  1.38E-17
   1320.00  1.17E-17
   1320.50  1.30E-17
   1322.50  7.40E-18
   1324.50  5.02E-17
   1328.00  5.20E-18
   1330.00  6.00E-18
   1332.50  2.90E-18
   1335.00  1.27E-17
   1337.50  1.67E-17
   1340.00  8.30E-18
   1341.00  8.10E-18
   1342.50  6.70E-17
   1345.00  1.49E-17
   1346.00  7.40E-18
   1349.00  3.30E-18
   1351.00  4.80E-17
   1354.00  1.34E-17
   1356.00  1.49E-17
   1358.50  6.70E-18
   1359.50  6.70E-18
   1360.50  4.47E-17
   1361.50  4.65E-17
   1363.00  8.70E-18
   1364.00  8.40E-18
   1366.50  3.30E-18
   1368.50  3.30E-18
   1370.00  6.00E-18
   1372.00  6.00E-18
   1372.50  1.08E-17
   1373.50  1.12E-17
   1374.00  1.41E-17
   1377.00  5.20E-18
   1379.00  5.21E-17
   1380.00  2.42E-17
   1384.00  4.80E-18
   1385.00  4.50E-18
   1386.00  2.80E-18
   1389.00  3.20E-18
   1393.00  9.70E-18
   1396.00  3.30E-18
   1397.50  4.47E-17
   1398.50  1.30E-17
   1400.00  9.30E-18
   1401.00  5.20E-18
   1403.00  4.80E-18
   1407.00  2.20E-18
   1410.50  6.00E-18
   1412.00  3.70E-18
   1414.00  2.20E-18
   1415.50  1.86E-17
   1416.50  3.31E-18
   1417.50  2.70E-18
   1420.00  4.10E-18
   1421.00  2.60E-18
   1424.00  1.70E-18
   1425.00  4.10E-18
   1427.00  1.61E-18
   1428.00  2.60E-18
   1431.00  1.50E-18
   1433.00  3.71E-18
   1434.00  4.10E-18
   1437.00  1.50E-18
   1438.00  2.50E-18
   1440.00  1.90E-18
   1441.00  1.50E-18
   1444.00  1.00E-18
   1445.00  3.00E-18
   1446.50  3.70E-18
   1448.50  1.90E-18
   1450.00  1.00E-18
   1453.00  1.30E-18
   1455.00  6.00E-19
   1457.00  1.20E-18
   1463.50  1.20E-18
   1466.00  5.00E-19
   1467.00  6.00E-18
   1468.00  1.90E-18
   1470.00  4.80E-18
   1471.00  1.70E-18
   1472.00  1.70E-18
   1473.50  7.00E-19
   1474.00  1.00E-18
   1475.00  4.00E-19
   1478.00  4.00E-19
   1480.00  1.00E-18
   1482.00  7.00E-19
   1484.00  1.00E-18
   1485.00  7.01E-19
   1486.00  4.00E-19
   1488.00  2.01E-19
   1490.00  4.00E-19
   1491.00  5.50E-18
   1492.00  3.00E-18
   1493.00  4.10E-18
   1496.00  3.50E-19
   1497.00  8.20E-19
   1498.00  3.00E-19
   1500.00  2.80E-19
   1501.00  6.30E-19
   1502.00  1.10E-18
   1504.00  7.40E-19
   1505.00  5.60E-19
   1510.00  1.80E-19
   1513.00  2.20E-19
   1514.00  1.04E-17
   1515.00  6.70E-18
   1516.00  7.41E-18
   1520.00  2.20E-19
   1523.00  8.90E-18
   1524.00  4.10E-18
   1525.00  8.40E-18
   1526.00  3.71E-19
   1528.00  5.20E-19
   1529.00  4.50E-19
   1530.00  4.50E-19
   1534.00  1.91E-19
   1535.00  1.10E-19
   1538.00  7.44E-18
   1539.00  4.84E-18
   1540.00  1.16E-17
   1541.00  2.98E-18
   1543.50  6.30E-19
   1544.00  3.35E-18
   1545.00  3.30E-19
   1546.00  1.49E-18
   1548.00  3.70E-19
   1553.00  3.70E-19
   1558.00  1.10E-19
   1560.00  3.70E-19
   1561.00  1.90E-18
   1562.00  1.00E-17
   1563.00  4.10E-18
   1564.00  6.33E-18
   1565.50  2.98E-18
   1566.00  4.47E-18
   1567.00  7.41E-19
   1567.00  8.20E-19
   1571.00  1.90E-19
   1572.00  3.30E-19
   1573.00  1.90E-19
   1574.00  3.00E-19
   1578.00  2.20E-19
   1580.00  1.30E-19
   1585.00  2.20E-19
   1587.00  6.70E-18
   1588.00  3.72E-18
   1590.00  3.35E-18
   1591.00  1.49E-18
   1595.00  2.60E-19
   1600.00  2.05E-19
   1610.00  3.16E-19
   1611.00  1.75E-18
   1612.00  2.00E-18
   1613.00  3.10E-18
   1614.00  2.08E-18
   1615.00  7.10E-19
   1616.00  7.10E-19
   1620.00  2.70E-19
   1627.00  3.35E-19
   1631.00  4.50E-19
   1636.00  6.30E-19
   1638.00  1.86E-18
   1639.00  9.30E-19
   1640.00  1.45E-18
   1648.00  3.72E-19
   1660.00  1.35E-18
   1670.00  6.60E-19
   1685.00  1.60E-18
   1700.00  9.50E-19
   1715.00  2.80E-18
   1730.00  1.35E-18
   1750.00  4.30E-18
   1765.00  1.80E-18
   1780.00  6.70E-18
   1795.00  2.60E-18
   1810.00  9.80E-18
   1825.00  3.20E-18
   1840.00  1.30E-17
   1855.00  4.00E-18
   1870.00  1.60E-17
   1885.00  4.00E-18
   1905.00  1.60E-17
   1920.00  3.50E-18
   1940.00  2.00E-17
   1955.00  3.00E-18
   1975.00  1.80E-17
   1995.00  1.80E-18
   2015.00  1.60E-17
   2035.00  1.20E-18
   2050.00  1.05E-17
   2070.00  5.70E-19
   2085.00  6.30E-18
   2090.00  6.30E-18
   2105.00  1.50E-19
   2115.00  8.40E-19
   2125.00  8.40E-19
   2145.00  7.00E-20
   2165.00  5.70E-19
   2170.00  7.30E-19
   2190.00  1.20E-20
   2205.00  1.20E-19
   2210.00  1.30E-19
   2230.00  2.00E-21
   2240.00  1.00E-20
   2245.00  1.20E-20
   2260.00  2.10E-21
   2275.00  1.70E-22
   2310.00  3.70E-23
   2330.00  3.70E-24
   2798.00  1.86E-24
  7
       160      0.00   2798.00 NH3      NH2/H    40 26
Branching ratios:
Lambda = 1849. A
   Mcnesby, J. R., Tanaka, I., Okabe, J. (1962)
   J. Chem. Phys. 36, 605.
Lambda = 2062. A
   Schurath, U., Tiedemann, P., Schindler, R. M. (1969)
   J. Phys. Chem. 73, 456.
  
      0.00  0.00E 00
   1050.00  0.00E 00
   1056.00  1.30E-02
   1060.00  2.00E-02
   1065.00  2.70E-02
   1070.00  3.30E-02
   1077.00  3.90E-02
   1080.00  4.50E-02
   1084.00  5.10E-02
   1090.00  5.50E-02
   1099.00  6.10E-02
   1105.00  6.80E-02
   1108.00  7.00E-02
   1111.00  7.60E-02
   1115.00  8.10E-02
   1120.00  8.30E-02
   1122.00  8.90E-02
   1125.00  9.20E-02
   1127.00  1.02E-01
   1130.00  1.00E-01
   1136.00  1.13E-01
   1140.00  1.15E-01
   1142.00  1.18E-01
   1145.00  1.28E-01
   1150.00  1.45E-01
   1152.00  1.56E-01
   1155.00  1.51E-01
   1157.00  1.58E-01
   1159.00  1.67E-01
   1160.00  1.64E-01
   1165.00  1.94E-01
   1170.00  1.77E-01
   1173.00  2.00E-01
   1176.00  1.82E-01
   1178.00  2.25E-01
   1180.00  2.28E-01
   1185.00  2.17E-01
   1187.00  2.40E-01
   1189.00  2.24E-01
   1190.50  2.35E-01
   1191.50  2.53E-01
   1192.50  2.63E-01
   1193.00  2.54E-01
   1194.00  2.66E-01
   1195.00  2.65E-01
   1196.00  2.69E-01
   1198.00  2.67E-01
   1200.00  2.57E-01
   1202.00  2.85E-01
   1203.50  2.67E-01
   1204.00  2.84E-01
   1205.00  2.91E-01
   1207.50  3.11E-01
   1208.50  3.10E-01
   1210.00  3.13E-01
   1210.50  3.26E-01
   1214.00  3.11E-01
   1215.00  3.21E-01
   1217.00  3.34E-01
   1218.00  3.53E-01
   1219.00  3.54E-01
   1219.99  3.62E-01
   1220.00  3.70E-01
   1221.50  3.75E-01
   1225.00  3.80E-01
   1226.50  3.85E-01
   1229.00  3.90E-01
   1230.00  3.95E-01
   1230.50  4.00E-01
   1237.00  4.00E-01
   1470.00  8.70E-01
   1471.00  8.70E-01
   1472.00  8.70E-01
   1473.50  8.70E-01
   1474.00  8.71E-01
   1475.00  8.71E-01
   1478.00  8.71E-01
   1480.00  8.71E-01
   1482.00  8.72E-01
   1484.00  8.72E-01
   1485.00  8.72E-01
   1486.00  8.72E-01
   1488.00  8.73E-01
   1490.00  8.73E-01
   1491.00  8.73E-01
   1492.00  8.73E-01
   1493.00  8.73E-01
   1496.00  8.74E-01
   1497.00  8.74E-01
   1498.00  8.74E-01
   1500.00  8.75E-01
   1501.00  8.75E-01
   1502.00  8.75E-01
   1504.00  8.75E-01
   1505.00  8.75E-01
   1510.00  8.77E-01
   1513.00  8.77E-01
   1514.00  8.77E-01
   1515.00  8.77E-01
   1516.00  8.78E-01
   1520.00  8.78E-01
   1523.00  8.79E-01
   1524.00  8.80E-01
   1525.00  8.80E-01
   1526.00  8.80E-01
   1528.00  8.80E-01
   1529.00  8.80E-01
   1530.00  8.81E-01
   1534.00  8.82E-01
   1535.00  8.82E-01
   1538.00  8.83E-01
   1539.00  8.83E-01
   1540.00  8.83E-01
   1541.00  8.83E-01
   1543.50  8.84E-01
   1544.00  8.84E-01
   1545.00  8.84E-01
   1546.00  8.85E-01
   1548.00  8.85E-01
   1553.00  8.86E-01
   1558.00  8.87E-01
   1560.00  8.88E-01
   1561.00  8.89E-01
   1562.00  8.89E-01
   1563.00  8.89E-01
   1564.00  8.89E-01
   1565.50  8.90E-01
   1566.00  8.90E-01
   1567.00  8.90E-01
   1567.00  8.90E-01
   1571.00  8.91E-01
   1572.00  8.91E-01
   1573.00  8.91E-01
   1574.00  8.92E-01
   1578.00  8.93E-01
   1580.00  8.94E-01
   1585.00  8.95E-01
   1587.00  8.96E-01
   1588.00  8.96E-01
   1590.00  8.96E-01
   1591.00  8.97E-01
   1595.00  8.98E-01
   1600.00  8.99E-01
   1610.00  9.03E-01
   1611.00  9.03E-01
   1612.00  9.04E-01
   1613.00  9.04E-01
   1614.00  9.04E-01
   1615.00  9.04E-01
   1616.00  9.05E-01
   1620.00  9.06E-01
   1627.00  9.08E-01
   1631.00  9.10E-01
   1636.00  9.11E-01
   1638.00  9.13E-01
   1640.00  9.13E-01
   1849.00  9.60E-01
   2062.00  9.95E-01
   2240.00  1.00E 00
   2798.00  1.00E 00
       187      0.00   2240.00 NH3      sNH/H2   41 26
sNH is equivalent to (a singlet delta) NH
Branching ratios:
Lambda = 1849. A
   McNesby, J. R., Tanaka, I., Okabe, J. (1962)
  J. Phys. Chem. 36, 605.
Lambda = 2062. A
   Schurath, U., Tiedemann, P., Schindler, R. N. (1969)
   J. Phys. Chem. 73, 456.
  
      0.00  0.00E 00
    675.00  0.00E 00
    690.00  5.80E-04
    700.00  2.20E-03
    725.00  1.60E-02
    750.00  3.30E-02
    775.00  6.24E-02
    800.00  9.30E-02
    825.00  9.70E-02
    850.00  9.20E-02
    875.00  8.50E-02
    900.00  7.70E-02
    925.00  6.80E-02
    940.00  6.60E-02
    950.00  6.00E-02
    960.00  6.10E-02
    975.00  6.70E-02
    985.00  7.10E-02
   1000.00  7.80E-02
   1005.00  7.90E-02
   1010.00  8.00E-02
   1020.00  7.90E-02
   1027.00  8.00E-02
   1030.00  8.10E-02
   1033.00  8.10E-02
   1038.00  8.20E-02
   1040.00  8.20E-02
   1044.00  8.20E-02
   1050.00  2.11E-01
   1056.00  2.02E-01
   1060.00  2.01E-01
   1065.00  2.00E-01
   1070.00  1.99E-01
   1077.00  1.99E-01
   1080.00  1.82E-01
   1084.00  1.80E-01
   1090.00  1.72E-01
   1099.00  1.68E-01
   1105.00  1.69E-01
   1108.00  1.73E-01
   1111.00  1.70E-01
   1115.00  1.67E-01
   1120.00  1.61E-01
   1122.00  1.67E-01
   1125.00  1.59E-01
   1127.00  1.70E-01
   1130.00  1.62E-01
   1136.00  1.69E-01
   1140.00  1.72E-01
   1142.00  1.66E-01
   1145.00  1.70E-01
   1150.00  1.82E-01
   1152.00  2.13E-01
   1155.00  1.76E-01
   1157.00  1.74E-01
   1159.00  1.79E-01
   1160.00  1.71E-01
   1165.00  1.97E-01
   1170.00  1.74E-01
   1173.00  1.91E-01
   1176.00  1.70E-01
   1178.00  2.05E-01
   1180.00  2.01E-01
   1185.00  1.93E-01
   1187.00  2.03E-01
   1189.00  1.93E-01
   1190.50  1.92E-01
   1191.50  2.03E-01
   1192.50  2.07E-01
   1193.00  1.96E-01
   1194.00  2.10E-01
   1195.00  1.97E-01
   1196.00  1.98E-01
   1198.00  1.92E-01
   1200.00  1.81E-01
   1202.00  1.97E-01
   1203.50  1.81E-01
   1204.00  1.89E-01
   1205.00  1.89E-01
   1207.50  1.96E-01
   1208.50  1.90E-01
   1210.00  1.91E-01
   1210.50  1.92E-01
   1214.00  1.79E-01
   1215.00  1.82E-01
   1217.00  1.86E-01
   1218.00  1.92E-01
   1219.00  1.89E-01
   1219.99  1.91E-01
   1220.00  1.90E-01
   1221.50  1.90E-01
   1225.00  1.90E-01
   1226.50  1.90E-01
   1229.00  1.90E-01
   1230.00  1.90E-01
   1230.50  1.90E-01
   1237.00  1.90E-01
   1470.00  3.20E-02
   1471.00  1.30E-01
   1472.00  1.30E-01
   1473.50  1.30E-01
   1474.00  1.29E-01
   1475.00  1.29E-01
   1478.00  1.29E-01
   1480.00  1.29E-01
   1482.00  1.28E-01
   1484.00  1.28E-01
   1485.00  1.28E-01
   1486.00  1.28E-01
   1488.00  1.27E-01
   1490.00  1.27E-01
   1491.00  1.27E-01
   1492.00  1.27E-01
   1493.00  1.27E-01
   1496.00  1.26E-01
   1497.00  1.26E-01
   1498.00  1.26E-01
   1500.00  1.25E-01
   1501.00  1.25E-01
   1502.00  1.25E-01
   1504.00  1.25E-01
   1505.00  1.25E-01
   1510.00  1.23E-01
   1513.00  1.23E-01
   1514.00  1.23E-01
   1515.00  1.23E-01
   1516.00  1.22E-01
   1520.00  1.22E-01
   1523.00  1.21E-01
   1524.00  1.20E-01
   1525.00  1.20E-01
   1526.00  1.20E-01
   1528.00  1.20E-01
   1529.00  1.20E-01
   1530.00  1.19E-01
   1534.00  1.18E-01
   1535.00  1.18E-01
   1538.00  1.17E-01
   1539.00  1.17E-01
   1540.00  1.17E-01
   1541.00  1.17E-01
   1543.50  1.16E-01
   1544.00  1.16E-01
   1545.00  1.16E-01
   1546.00  1.15E-01
   1548.00  1.15E-01
   1553.00  1.14E-01
   1558.00  1.13E-01
   1560.00  1.12E-01
   1561.00  1.11E-01
   1562.00  1.11E-01
   1563.00  1.11E-01
   1564.00  1.11E-01
   1565.50  1.10E-01
   1566.00  1.10E-01
   1567.00  1.10E-01
   1567.00  1.10E-01
   1571.00  1.09E-01
   1572.00  1.09E-01
   1573.00  1.09E-01
   1574.00  1.08E-01
   1578.00  1.07E-01
   1580.00  1.06E-01
   1585.00  1.05E-01
   1587.00  1.04E-01
   1588.00  1.04E-01
   1590.00  1.04E-01
   1591.00  1.03E-01
   1595.00  1.02E-01
   1600.00  1.01E-01
   1610.00  9.70E-02
   1611.00  9.70E-02
   1612.00  9.60E-02
   1613.00  9.60E-02
   1614.00  9.60E-02
   1615.00  9.60E-02
   1616.00  9.50E-02
   1620.00  9.40E-02
   1627.00  9.20E-02
   1631.00  9.00E-02
   1636.00  8.90E-02
   1638.00  8.70E-02
   1640.00  8.70E-02
   1849.00  4.00E-02
   2062.00  5.00E-03
   2240.00  0.00E 00
   2798.00  0.00E 00
       100      0.00   1470.00 NH3      NH/H/H   42 26
 
      0.00  0.00E 00
    675.00  0.00E 00
    690.00  1.42E-03
    700.00  5.80E-03
    725.00  4.60E-02
    750.00  1.08E-01
    775.00  2.25E-01
    800.00  3.70E-01
    825.00  4.25E-01
    850.00  4.41E-01
    875.00  4.39E-01
    900.00  4.28E-01
    925.00  4.05E-01
    940.00  3.99E-01
    950.00  3.70E-01
    960.00  3.85E-01
    975.00  4.34E-01
    985.00  4.64E-01
   1000.00  5.17E-01
   1005.00  5.35E-01
   1010.00  5.37E-01
   1020.00  5.42E-01
   1027.00  5.54E-01
   1030.00  5.59E-01
   1033.00  5.61E-01
   1038.00  5.63E-01
   1040.00  5.64E-01
   1044.00  5.69E-01
   1050.00  4.48E-01
   1056.00  4.46E-01
   1060.00  4.50E-01
   1065.00  4.39E-01
   1070.00  4.35E-01
   1077.00  4.15E-01
   1080.00  4.09E-01
   1084.00  4.05E-01
   1090.00  3.87E-01
   1099.00  3.85E-01
   1105.00  3.83E-01
   1108.00  3.96E-01
   1111.00  3.88E-01
   1115.00  3.80E-01
   1120.00  3.68E-01
   1122.00  3.81E-01
   1125.00  3.62E-01
   1127.00  3.86E-01
   1130.00  3.68E-01
   1136.00  3.82E-01
   1140.00  3.92E-01
   1142.00  3.71E-01
   1145.00  3.75E-01
   1150.00  4.00E-01
   1152.00  3.91E-01
   1155.00  3.93E-01
   1157.00  3.86E-01
   1159.00  3.95E-01
   1160.00  3.79E-01
   1165.00  4.36E-01
   1170.00  3.85E-01
   1173.00  4.26E-01
   1176.00  4.12E-01
   1178.00  4.52E-01
   1180.00  4.47E-01
   1185.00  4.16E-01
   1187.00  4.55E-01
   1189.00  4.45E-01
   1190.50  4.34E-01
   1191.50  4.59E-01
   1192.50  4.69E-01
   1193.00  4.47E-01
   1194.00  4.51E-01
   1195.00  4.53E-01
   1196.00  4.52E-01
   1198.00  4.41E-01
   1200.00  4.18E-01
   1202.00  4.51E-01
   1203.50  4.12E-01
   1204.00  4.29E-01
   1205.00  4.29E-01
   1207.50  4.49E-01
   1208.50  4.38E-01
   1210.00  4.29E-01
   1210.50  4.40E-01
   1214.00  4.12E-01
   1215.00  4.14E-01
   1217.00  4.26E-01
   1218.00  4.36E-01
   1219.00  4.28E-01
   1219.99  4.26E-01
   1220.00  4.40E-01
   1221.50  4.35E-01
   1225.00  4.30E-01
   1226.50  4.25E-01
   1229.00  4.20E-01
   1230.00  4.15E-01
   1230.50  4.10E-01
   1237.00  4.10E-01
   1470.00  9.80E-02
   1471.00  0.00E 00
   2798.00  0.00E 00
       105      0.00   1220.00 NH3      NH3+     30  2
Lambda = 304.-785. A
   Kronebusch, P. L., Berkowitz, J. (1976)
   Int. J. Mass Spectr. Ion Phys. 22, 283 
  
      0.00  2.00E-01
    304.00  4.54E-01
    379.00  4.58E-01
    387.00  4.59E-01
    405.00  4.58E-01
    446.00  4.50E-01
    460.00  4.38E-01
    490.00  4.22E-01
    537.00  4.04E-01
    539.90  4.03E-01
    555.10  4.01E-01
    560.00  4.00E-01
    584.00  3.96E-01
    590.00  3.95E-01
    675.00  3.94E-01
    690.00  3.98E-01
    700.00  4.20E-01
    725.00  4.54E-01
    750.00  5.75E-01
    775.00  6.45E-01
    785.00  6.42E-01
    800.00  5.37E-01
    825.00  4.78E-01
    850.00  4.67E-01
    875.00  4.76E-01
    900.00  4.95E-01
    925.00  5.27E-01
    940.00  5.35E-01
    950.00  5.70E-01
    960.00  5.54E-01
    975.00  4.99E-01
    985.00  4.65E-01
   1000.00  4.05E-01
   1005.00  3.86E-01
   1010.00  3.83E-01
   1020.00  3.79E-01
   1027.00  3.66E-01
   1030.00  3.60E-01
   1033.00  3.58E-01
   1038.00  3.55E-01
   1040.00  3.54E-01
   1044.00  3.49E-01
   1050.00  3.41E-01
   1056.00  3.39E-01
   1060.00  3.29E-01
   1065.00  3.34E-01
   1070.00  3.33E-01
   1077.00  3.47E-01
   1080.00  3.64E-01
   1084.00  3.64E-01
   1090.00  3.86E-01
   1099.00  3.86E-01
   1105.00  3.80E-01
   1108.00  3.61E-01
   1111.00  3.66E-01
   1115.00  3.72E-01
   1120.00  3.88E-01
   1122.00  3.63E-01
   1125.00  3.87E-01
   1127.00  3.42E-01
   1130.00  3.70E-01
   1136.00  3.36E-01
   1140.00  3.21E-01
   1142.00  3.45E-01
   1145.00  3.27E-01
   1150.00  2.73E-01
   1152.00  2.40E-01
   1155.00  2.80E-01
   1157.00  2.82E-01
   1159.00  2.59E-01
   1160.00  2.86E-01
   1165.00  1.73E-01
   1170.00  2.64E-01
   1173.00  1.83E-01
   1176.00  2.36E-01
   1178.00  1.18E-01
   1180.00  1.24E-01
   1185.00  1.74E-01
   1187.00  1.02E-01
   1189.00  1.38E-01
   1190.50  1.39E-01
   1191.50  0.85E-01
   1192.50  0.61E-01
   1193.00  1.03E-01
   1194.00  0.73E-01
   1195.00  0.85E-01
   1196.00  0.81E-01
   1198.00  1.00E-01
   1200.00  1.44E-01
   1202.00  0.67E-01
   1203.50  1.40E-01
   1204.00  0.98E-01
   1205.00  0.91E-01
   1207.50  0.44E-01
   1208.50  0.62E-01
   1210.00  0.67E-01
   1210.50  0.42E-01
   1214.00  0.98E-01
   1215.00  0.83E-01
   1217.00  0.54E-01
   1218.00  0.19E-01
   1219.00  0.29E-01
   1219.99  0.21E-01
   1220.00  0.00E 00
   2798.00  0.00E 00
        22      0.00    786.20 NH3      NH2+H    34 40
Lambda = 304.-786.2 A
   Kronebusch, P. L., Berkowitz, J. (1976)
   Int. J. Mass Spectr. Ion Phys. 22, 283 
  
      0.00  2.00E-01
    304.0   4.66E-01
    379.0   4.97E-01
    387.00  5.00E-01
    405.0   5.02E-01
    446.0   5.18E-01
    460.0   5.31E-01
    490.0   5.52E-01
    537.0   5.76E-01
    539.9   5.78E-01
    555.1   5.86E-01
    560.00  5.90E-01
    584.0   6.02E-01
    590.0   6.03E-01
    675.0   6.04E-01
    690.00  5.99E-01
    700.0   5.71E-01
    725.0   4.83E-01
    750.0   2.83E-01
    775.0   6.76E-02
    786.2   0.00E 00
   2798.00  0.00E 00
        18      0.00    775.00 NH3      NH+H2    35 40
Lambda = 304.-775. A
   Kronebusch, P. L., Berkowitz, J. (1976)
   Int. J. Mass Spectr. Ion Phys. 22, 283 
  
      0.00  2.00E-01
    304.0   3.70E-02
    379.0   3.40E-02
    387.00  3.40E-02
    405.0   3.30E-02
    446.0   3.10E-02
    460.0   3.00E-02
    490.0   2.50E-02
    537.0   1.90E-02
    539.9   1.80E-02
    555.1   1.20E-02
    560.00  1.00E-02
    584.0   2.00E-03
    675.00  2.00E-03
    690.00  1.00E-03
    750.00  1.00E-03
    775.0   0.00E 00
   2798.00  0.00E 00
         9      0.00    560.00 NH3      N+H2/H   36 40
Lambda = 304.-785. A
   Kronebusch, P. L., Berkowitz, J. (1976)
   Int. J. Mass Spectr. Ion Phys. 22, 283 
  
      0.00  2.00E-01
    304.0   1.95E-02
    379.0   6.80E-03
    387.00  7.00E-03
    405.00  7.00E-03
    446.00  1.00E-03
    555.10  1.00E-03
    560.00  0.00E 00
   2798.00  0.00E 00
         0      0.00    387.00 NH3      H+NH2    37 40
***