       403      0.00  90000.00 NO3      total
Cross section:
Lambda = 0.6-630. A
   Synthesized from atomic cross sections
   Barfield, W. D., Koontz, G. D., Huebner W. F. (1972) 
   J. Quant. Spectr. Rad. Trans. 12, 1409 
Lambda = 915.-3980. A
   Assumed to be the same cross section as NO2
Lambda = 4000.-7030. A
   Graham, R. A., Johnston, H. S. (1978)
   J. Chem. Phys. 82, 254
 
      0.61  5.30E-23
      1.12  5.10E-22
      2.44  4.20E-21
      6.15  6.40E-20
     12.57  4.70E-19
     22.64  2.50E-18
     23.61  5.20E-19
     24.62  5.80E-19
     29.13  9.20E-19
     30.38  2.60E-19
     62.09  1.40E-18
    121.70  5.70E-18
    248.60  2.10E-17
    625.80  5.30E-17
    915.00  4.50E-17
    940.00  3.00E-17
   1080.00  1.02E-17
   1100.00  1.42E-17
   1120.00  1.30E-17
   1140.00  1.22E-17
   1160.00  8.12E-18
   1180.00  8.53E-18
   1200.00  7.71E-18
   1220.00  1.12E-17
   1240.00  1.93E-17
   1260.00  3.25E-17
   1280.00  3.17E-17
   1300.00  1.46E-17
   1320.00  6.90E-18
   1340.00  1.26E-17
   1360.00  9.34E-18
   1380.00  1.12E-17
   1400.00  1.22E-17
   1420.00  1.42E-17
   1440.00  2.07E-17
   1460.00  1.34E-17
   1480.00  1.14E-17
   1500.00  1.18E-17
   1520.00  2.19E-17
   1540.00  1.68E-17
   1560.00  1.64E-17
   1580.00  1.54E-17
   1600.00  1.62E-17
   1650.00  1.71E-17
   1700.00  1.79E-17
   1750.00  1.14E-17
   1800.00  6.90E-18
   1850.00  2.60E-19
   1900.00  2.93E-19
   1950.00  2.42E-19
   2000.00  2.50E-19
   2050.00  3.75E-19
   2100.00  3.85E-19
   2150.00  4.02E-19
   2200.00  3.96E-19
   2250.00  3.24E-19
   2300.00  2.43E-19
   2350.00  1.48E-19
   2400.00  6.70E-20
   2415.00  6.09E-20
   2420.00  1.42E-19
   2445.00  8.12E-20
   2450.00  4.35E-20
   2460.00  1.14E-19
   2475.00  3.65E-20
   2490.00  1.18E-19
   2500.00  2.83E-20
   2530.00  3.65E-20
   2550.00  1.45E-20
   2600.00  1.90E-20
   2650.00  2.05E-20
   2700.00  3.13E-20
   2750.00  4.02E-20
   2800.00  5.54E-20
   2850.00  6.99E-20
   2900.00  8.18E-20
   2950.00  9.67E-20
   3000.00  1.17E-19
   3050.00  1.66E-19
   3100.00  1.76E-19
   3150.00  2.25E-19
   3200.00  2.54E-19
   3250.00  2.79E-19
   3300.00  2.99E-19
   3350.00  3.45E-19
   3400.00  3.88E-19
   3450.00  4.07E-19
   3500.00  4.10E-19
   3550.00  5.13E-19
   3600.00  4.51E-19
   3650.00  5.78E-19
   3700.00  5.42E-19
   3750.00  5.35E-19
   3800.00  5.99E-19
   3850.00  5.94E-19
   3900.00  6.00E-19
   3950.00  5.89E-19
   3980.00  6.40E-19
   4000.00  5.00E-21
   4010.00  1.00E-20
   4020.00  1.00E-20
   4030.00  3.00E-20
   4040.00  2.00E-20
   4050.00  5.00E-20
   4060.00  3.00E-20
   4070.00  1.00E-20
   4080.00  3.00E-20
   4090.00  5.00E-20
   4100.00  6.00E-20
   4110.00  5.00E-20
   4120.00  3.00E-20
   4130.00  7.00E-20
   4140.00  7.00E-20
   4150.00  6.00E-20
   4160.00  3.00E-20
   4170.00  4.00E-20
   4180.00  6.00E-20
   4190.00  9.00E-20
   4200.00  9.00E-20
   4210.00  9.00E-20
   4220.00  8.00E-20
   4230.00  1.00E-19
   4240.00  1.20E-19
   4250.00  1.30E-19
   4260.00  9.00E-20
   4270.00  8.00E-20
   4280.00  1.20E-19
   4290.00  1.20E-19
   4300.00  1.20E-19
   4310.00  1.50E-19
   4320.00  1.40E-19
   4330.00  1.50E-19
   4340.00  1.70E-19
   4350.00  2.10E-19
   4360.00  2.10E-19
   4370.00  1.80E-19
   4380.00  1.80E-19
   4390.00  2.10E-19
   4400.00  1.90E-19
   4410.00  1.90E-19
   4420.00  2.00E-19
   4430.00  1.90E-19
   4440.00  2.10E-19
   4450.00  2.30E-19
   4460.00  2.30E-19
   4470.00  2.50E-19
   4480.00  2.80E-19
   4490.00  2.80E-19
   4500.00  2.70E-19
   4510.00  2.80E-19
   4520.00  3.10E-19
   4530.00  3.20E-19
   4540.00  3.40E-19
   4550.00  3.50E-19
   4560.00  3.20E-19
   4570.00  3.40E-19
   4580.00  3.70E-19
   4590.00  3.90E-19
   4600.00  3.90E-19
   4610.00  3.60E-19
   4620.00  3.50E-19
   4630.00  3.80E-19
   4640.00  4.10E-19
   4650.00  4.50E-19
   4660.00  4.50E-19
   4670.00  4.80E-19
   4680.00  5.00E-19
   4690.00  5.20E-19
   4700.00  4.90E-19
   4710.00  5.00E-19
   4720.00  5.40E-19
   4730.00  5.50E-19
   4740.00  5.60E-19
   4750.00  5.90E-19
   4760.00  6.40E-19
   4770.00  6.80E-19
   4780.00  6.60E-19
   4790.00  6.40E-19
   4800.00  6.40E-19
   4810.00  6.50E-19
   4820.00  6.30E-19
   4830.00  6.10E-19
   4840.00  6.20E-19
   4850.00  6.60E-19
   4860.00  7.40E-19
   4870.00  8.00E-19
   4880.00  8.00E-19
   4890.00  8.60E-19
   4900.00  9.30E-19
   4910.00  9.20E-19
   4920.00  8.90E-19
   4930.00  8.90E-19
   4940.00  8.80E-19
   4950.00  9.10E-19
   4960.00  1.04E-18
   4970.00  1.12E-18
   4980.00  1.08E-18
   4990.00  1.03E-18
   5000.00  9.80E-19
   5010.00  9.40E-19
   5020.00  9.10E-19
   5030.00  9.50E-19
   5040.00  1.05E-18
   5050.00  1.16E-18
   5060.00  1.19E-18
   5070.00  1.14E-18
   5080.00  1.06E-18
   5090.00  1.12E-18
   5100.00  1.30E-18
   5110.00  1.51E-18
   5120.00  1.61E-18
   5130.00  1.51E-18
   5140.00  1.41E-18
   5150.00  1.40E-18
   5160.00  1.40E-18
   5170.00  1.30E-18
   5180.00  1.21E-18
   5190.00  1.28E-18
   5200.00  1.44E-18
   5210.00  1.58E-18
   5220.00  1.72E-18
   5230.00  1.66E-18
   5240.00  1.50E-18
   5250.00  1.38E-18
   5260.00  1.37E-18
   5270.00  1.51E-18
   5280.00  1.79E-18
   5290.00  2.10E-18
   5300.00  2.09E-18
   5310.00  1.91E-18
   5320.00  1.81E-18
   5330.00  1.73E-18
   5340.00  1.77E-18
   5350.00  2.02E-18
   5360.00  2.32E-18
   5370.00  2.38E-18
   5380.00  2.11E-18
   5390.00  1.88E-18
   5400.00  1.81E-18
   5410.00  1.68E-18
   5420.00  1.68E-18
   5430.00  1.43E-18
   5440.00  1.39E-18
   5450.00  1.62E-18
   5460.00  2.04E-18
   5470.00  2.56E-18
   5480.00  2.75E-18
   5490.00  2.49E-18
   5500.00  2.24E-18
   5510.00  2.14E-18
   5520.00  2.16E-18
   5530.00  2.22E-18
   5540.00  2.45E-18
   5550.00  2.78E-18
   5560.00  2.95E-18
   5570.00  3.00E-18
   5580.00  3.17E-18
   5590.00  3.43E-18
   5600.00  3.23E-18
   5610.00  2.85E-18
   5620.00  2.68E-18
   5630.00  2.59E-18
   5640.00  2.48E-18
   5650.00  2.47E-18
   5660.00  2.58E-18
   5670.00  2.55E-18
   5680.00  2.57E-18
   5690.00  2.63E-18
   5700.00  2.53E-18
   5710.00  2.51E-18
   5720.00  2.48E-18
   5730.00  2.47E-18
   5740.00  2.55E-18
   5750.00  2.70E-18
   5760.00  2.92E-18
   5770.00  3.05E-18
   5780.00  3.03E-18
   5790.00  2.94E-18
   5800.00  2.99E-18
   5810.00  3.20E-18
   5820.00  3.10E-18
   5830.00  2.68E-18
   5840.00  2.47E-18
   5850.00  2.46E-18
   5860.00  2.75E-18
   5870.00  3.48E-18
   5880.00  4.48E-18
   5890.00  5.52E-18
   5900.00  5.67E-18
   5910.00  5.19E-18
   5920.00  4.83E-18
   5930.00  4.32E-18
   5940.00  3.92E-18
   5950.00  3.91E-18
   5960.00  4.16E-18
   5970.00  4.09E-18
   5980.00  3.54E-18
   5990.00  2.89E-18
   6000.00  2.45E-18
   6010.00  2.45E-18
   6020.00  2.84E-18
   6030.00  3.39E-18
   6040.00  4.00E-18
   6050.00  4.18E-18
   6060.00  3.38E-18
   6070.00  2.32E-18
   6080.00  1.59E-18
   6090.00  1.33E-18
   6100.00  1.35E-18
   6110.00  1.43E-18
   6120.00  1.69E-18
   6130.00  2.17E-18
   6140.00  2.24E-18
   6150.00  1.99E-18
   6160.00  1.74E-18
   6170.00  1.67E-18
   6180.00  1.83E-18
   6190.00  2.02E-18
   6200.00  2.47E-18
   6210.00  3.98E-18
   6220.00  7.61E-18
   6230.00  1.20E-17
   6240.00  1.17E-17
   6250.00  8.65E-18
   6260.00  7.00E-18
   6270.00  6.90E-18
   6280.00  6.89E-18
   6290.00  6.70E-18
   6300.00  6.41E-18
   6310.00  5.02E-18
   6320.00  3.27E-18
   6330.00  1.99E-18
   6340.00  1.32E-18
   6350.00  1.06E-18
   6360.00  1.23E-18
   6370.00  1.64E-18
   6380.00  1.76E-18
   6390.00  1.34E-18
   6400.00  9.80E-19
   6410.00  7.80E-19
   6420.00  6.80E-19
   6430.00  6.90E-19
   6440.00  7.10E-19
   6450.00  6.70E-19
   6460.00  5.60E-19
   6470.00  4.90E-19
   6480.00  4.80E-19
   6490.00  3.70E-19
   6500.00  3.20E-19
   6510.00  3.30E-19
   6520.00  3.90E-19
   6530.00  4.70E-19
   6540.00  5.70E-19
   6550.00  6.90E-19
   6560.00  8.90E-19
   6570.00  1.18E-18
   6580.00  1.68E-18
   6590.00  2.76E-18
   6600.00  5.12E-18
   6610.00  1.02E-17
   6620.00  1.71E-17
   6630.00  1.70E-17
   6640.00  1.15E-17
   6650.00  7.35E-18
   6660.00  4.86E-18
   6670.00  2.97E-18
   6680.00  1.75E-18
   6690.00  1.07E-18
   6700.00  7.50E-19
   6710.00  6.00E-19
   6720.00  5.70E-19
   6730.00  4.70E-19
   6740.00  3.60E-19
   6750.00  3.00E-19
   6760.00  3.10E-19
   6770.00  4.00E-19
   6780.00  5.50E-19
   6790.00  5.90E-19
   6800.00  4.90E-19
   6810.00  3.50E-19
   6820.00  2.50E-19
   6830.00  1.60E-19
   6840.00  9.00E-20
   6850.00  5.00E-20
   6860.00  3.00E-20
   6870.00  2.00E-20
   6880.00  4.00E-20
   6890.00  2.00E-20
   6900.00  1.00E-20
   6910.00  5.00E-21
   6920.00  5.00E-21
   6930.00  1.00E-20
   6940.00  1.00E-20
   6950.00  2.00E-20
   6960.00  4.00E-20
   6970.00  4.00E-20
   6980.00  4.00E-20
   6990.00  4.00E-20
   7000.00  3.00E-20
   7010.00  2.00E-20
   7020.00  2.00E-20
   7030.00  1.00E-20
  90000.00  1.00E-35
  1
         4      0.00   5900.00 NO3      NO2/O       26
Branching ratio:
Lambda = 5820.-6320. A
   Magnotta, F., Johnston, H. S. (1980)
   Geophys. Res. Lett. 7, 769
 
      0.60  1.00E 00
   5800.00  1.00E 00
   5900.00  0.00E 00
  90000.00  0.00E 00
         0      0.00  90000.00 NO3      NO/O2       26
***