       167      0.00  11790.00 o3       total
 threshold:
 lambda=11790.a
 cross section:
 lambda=0.6-742.a  3 times atomic oxygen
    barfield et al.
 lambda=1060.-1360.a  tanaka, y., inn, e. c. y., and watanabe, k. (1953)
    j. chem. phys. 21, 1651
 lambda=1365.-2000.a  ackerman, m. (1971)
    mesospheric models and related experiments, 149-159, d. reidel pub.
 lambda=2975.-3300.a  moortgat, g. k. and warneck, p. (1975)
    z. naturforsch. 30a, 835-844
 lambda=2000.-8500.a  griggs, m. (1968)
    j. chem. phys. 49, 857

      0.61  4.50e-23
      1.12  4.30e-22
      2.44  3.50e-21
      6.15  5.30e-20
     12.57  3.90e-19
     22.64  1.70e-18
     23.61  9.50e-20
     24.62  1.10e-19
     62.10  1.00e-18
    121.70  4.80e-18
    248.60  1.60e-17
    625.80  3.40e-17
    741.50  3.60e-17
   1060.00  8.56e-18
   1070.00  8.18e-18
   1080.00  1.00e-17
   1090.00  9.67e-18
   1100.00  8.93e-18
   1110.00  9.67e-18
   1120.00  1.38e-17
   1130.00  1.26e-17
   1140.00  7.07e-18
   1150.00  7.07e-18
   1160.00  5.58e-18
   1170.00  8.00e-18
   1180.00  7.63e-18
   1190.00  9.30e-18
   1200.00  1.49e-17
   1210.00  2.12e-17
   1220.00  2.27e-17
   1230.00  2.05e-17
   1240.00  1.12e-17
   1250.00  8.18e-18
   1260.00  6.70e-18
   1270.00  5.58e-18
   1280.00  6.32e-18
   1290.00  7.25e-18
   1300.00  9.30e-18
   1310.00  1.56e-17
   1320.00  1.53e-17
   1330.00  1.53e-17
   1340.00  1.75e-17
   1350.00  1.71e-17
   1360.00  1.49e-17
   1365.00  1.35e-17
   1374.50  1.05e-17
   1384.00  7.97e-18
   1398.50  7.17e-18
   1418.00  6.28e-18
   1438.50  5.66e-18
   1459.50  5.23e-18
   1481.00  4.47e-18
   1503.50  3.69e-18
   1526.50  2.93e-18
   1550.00  2.19e-18
   1574.50  1.63e-18
   1600.00  1.20e-18
   1626.00  9.77e-19
   1653.00  8.66e-19
   1681.00  8.14e-19
   1709.50  8.17e-19
   1731.50  8.57e-19
   1746.50  8.40e-19
   1750.00  8.20e-19
   1800.00  7.70e-19
   1850.00  6.80e-19
   1900.00  5.20e-19
   1950.00  4.00e-19
   2000.00  3.10e-19
   2100.00  4.29e-19
   2200.00  1.71e-18
   2300.00  4.29e-18
   2400.00  8.14e-18
   2500.00  1.10e-17
   2600.00  1.08e-17
   2700.00  7.88e-18
   2800.00  3.86e-18
   2900.00  1.37e-18
   2975.00  5.75e-19
   2980.00  5.14e-19
   2985.00  4.92e-19
   2990.00  4.67e-19
   2995.00  4.36e-19
   3000.00  4.09e-19
   3005.00  3.85e-19
   3010.00  3.55e-19
   3015.00  3.31e-19
   3020.00  3.13e-19
   3025.00  2.91e-19
   3030.00  2.71e-19
   3035.00  2.52e-19
   3040.00  2.32e-19
   3045.00  2.14e-19
   3050.00  2.05e-19
   3055.00  1.88e-19
   3060.00  1.77e-19
   3065.00  1.64e-19
   3070.00  1.50e-19
   3075.00  1.36e-19
   3080.00  1.28e-19
   3085.00  1.19e-19
   3090.00  1.12e-19
   3095.00  1.06e-19
   3100.00  9.79e-20
   3105.00  9.31e-20
   3110.00  8.88e-20
   3115.00  8.26e-20
   3120.00  7.57e-20
   3125.00  7.31e-20
   3130.00  6.72e-20
   3135.00  7.00e-20
   3140.00  6.17e-20
   3145.00  5.76e-20
   3150.00  5.22e-20
   3155.00  5.30e-20
   3160.00  4.56e-20
   3165.00  4.09e-20
   3170.00  4.27e-20
   3175.00  3.83e-20
   3180.00  3.65e-20
   3185.00  3.20e-20
   3190.00  3.00e-20
   3195.00  2.86e-20
   3200.00  3.15e-20
   3205.00  2.51e-20
   3210.00  2.04e-20
   3215.00  1.94e-20
   3220.00  2.12e-20
   3225.00  2.20e-20
   3230.00  1.78e-20
   3235.00  1.55e-20
   3240.00  1.35e-20
   3245.00  1.73e-20
   3250.00  1.55e-20
   3255.00  1.25e-20
   3260.00  1.08e-20
   3265.00  9.50e-21
   3270.00  9.20e-21
   3275.00  1.13e-20
   3280.00  1.15e-20
   3285.00  9.10e-21
   3290.00  6.58e-21
   3295.00  5.43e-21
   3300.00  6.33e-21
   3310.00  8.23e-21
   3320.00  3.26e-21
   3330.00  5.57e-21
   3350.00  1.89e-21
   3370.00  3.94e-21
   3380.00  1.37e-21
   3400.00  2.14e-21
   3420.00  8.57e-22
   3435.00  1.37e-21
   3500.00  2.57e-22
   3600.00  8.57e-24
   4000.00  8.57e-24
   4500.00  8.57e-23
   5000.00  1.20e-21
   5500.00  3.43e-21
   6000.00  5.14e-21
   6500.00  2.40e-21
   7000.00  9.43e-22
   7350.00  5.00e-22
   8000.00  2.00e-22
   8500.00  1.50e-22
   9000.00  1.00e-22
  11790.00  1.00e-35
  1
        34      0.00  11790.   o3       odo2        26
 branching ratios:
 lambda=3045.-3195.a  moortgat, g. k. and warneck, p. (1975)
    z. naturforsch. 30a, 835-844

      0.00  0.00e 00
   3040.00  0.00e 00
   3045.00  1.00e-02
   3050.00  2.00e-02
   3055.00  3.00e-02
   3060.00  5.00e-02
   3065.00  7.00e-02
   3070.00  1.00e-01
   3075.00  1.30e-01
   3080.00  1.70e-01
   3085.00  2.30e-01
   3090.00  2.70e-01
   3095.00  3.30e-01
   3100.00  4.00e-01
   3105.00  4.60e-01
   3110.00  5.10e-01
   3115.00  5.70e-01
   3120.00  6.20e-01
   3125.00  6.60e-01
   3130.00  7.10e-01
   3135.00  7.50e-01
   3140.00  7.90e-01
   3145.00  8.30e-01
   3150.00  8.60e-01
   3155.00  8.90e-01
   3160.00  9.22e-01
   3165.00  9.46e-01
   3170.00  9.63e-01
   3175.00  9.78e-01
   3180.00  9.89e-01
   3185.00  9.96e-01
   3190.00  9.99e-01
   3195.00  1.00e 00
  11790.00  1.00e 00
         0      0.00   3195.00 o3       o1ddo2d     26
***
