       167      0.00  11790.00 O3       total
Cross section:
Lambda = 0.6-742. A
   Three times cross section for atomic oxygen
   Barfield, W. D., Koontz, G. D., Huebner W. F. (1972) 
   J. Quant. Spectr. Rad. Trans. 12, 1409 
Lambda = 1060.-1360. A
   Tanaka, Y., Inn, E. C. Y., Watanabe, K. (1953)
   J. Chem. Phys. 21, 1651
Lambda = 1365.-2000. A
   Ackerman, M. (1971)
   Mesospheric Models and Related Experiments, 149-159, D. Reidel Pub.
Lambda = 2975.-3300. A
   Moortgat, G. K., Warneck, P. (1975)
   Z. Naturforsch. 30A, 835
Lambda = 2000.-8500. A
   Griggs, M. (1968)
   J. Chem. Phys. 49, 857
Threshold:
Lambda = 11790. A
 
      0.61  4.50E-23
      1.12  4.30E-22
      2.44  3.50E-21
      6.15  5.30E-20
     12.57  3.90E-19
     22.64  1.70E-18
     23.61  9.50E-20
     24.62  1.10E-19
     62.10  1.00E-18
    121.70  4.80E-18
    248.60  1.60E-17
    625.80  3.40E-17
    741.50  3.60E-17
   1060.00  8.56E-18
   1070.00  8.18E-18
   1080.00  1.00E-17
   1090.00  9.67E-18
   1100.00  8.93E-18
   1110.00  9.67E-18
   1120.00  1.38E-17
   1130.00  1.26E-17
   1140.00  7.07E-18
   1150.00  7.07E-18
   1160.00  5.58E-18
   1170.00  8.00E-18
   1180.00  7.63E-18
   1190.00  9.30E-18
   1200.00  1.49E-17
   1210.00  2.12E-17
   1220.00  2.27E-17
   1230.00  2.05E-17
   1240.00  1.12E-17
   1250.00  8.18E-18
   1260.00  6.70E-18
   1270.00  5.58E-18
   1280.00  6.32E-18
   1290.00  7.25E-18
   1300.00  9.30E-18
   1310.00  1.56E-17
   1320.00  1.53E-17
   1330.00  1.53E-17
   1340.00  1.75E-17
   1350.00  1.71E-17
   1360.00  1.49E-17
   1365.00  1.35E-17
   1374.50  1.05E-17
   1384.00  7.97E-18
   1398.50  7.17E-18
   1418.00  6.28E-18
   1438.50  5.66E-18
   1459.50  5.23E-18
   1481.00  4.47E-18
   1503.50  3.69E-18
   1526.50  2.93E-18
   1550.00  2.19E-18
   1574.50  1.63E-18
   1600.00  1.20E-18
   1626.00  9.77E-19
   1653.00  8.66E-19
   1681.00  8.14E-19
   1709.50  8.17E-19
   1731.50  8.57E-19
   1746.50  8.40E-19
   1750.00  8.20E-19
   1800.00  7.70E-19
   1850.00  6.80E-19
   1900.00  5.20E-19
   1950.00  4.00E-19
   2000.00  3.10E-19
   2100.00  4.29E-19
   2200.00  1.71E-18
   2300.00  4.29E-18
   2400.00  8.14E-18
   2500.00  1.10E-17
   2600.00  1.08E-17
   2700.00  7.88E-18
   2800.00  3.86E-18
   2900.00  1.37E-18
   2975.00  5.75E-19
   2980.00  5.14E-19
   2985.00  4.92E-19
   2990.00  4.67E-19
   2995.00  4.36E-19
   3000.00  4.09E-19
   3005.00  3.85E-19
   3010.00  3.55E-19
   3015.00  3.31E-19
   3020.00  3.13E-19
   3025.00  2.91E-19
   3030.00  2.71E-19
   3035.00  2.52E-19
   3040.00  2.32E-19
   3045.00  2.14E-19
   3050.00  2.05E-19
   3055.00  1.88E-19
   3060.00  1.77E-19
   3065.00  1.64E-19
   3070.00  1.50E-19
   3075.00  1.36E-19
   3080.00  1.28E-19
   3085.00  1.19E-19
   3090.00  1.12E-19
   3095.00  1.06E-19
   3100.00  9.79E-20
   3105.00  9.31E-20
   3110.00  8.88E-20
   3115.00  8.26E-20
   3120.00  7.57E-20
   3125.00  7.31E-20
   3130.00  6.72E-20
   3135.00  7.00E-20
   3140.00  6.17E-20
   3145.00  5.76E-20
   3150.00  5.22E-20
   3155.00  5.30E-20
   3160.00  4.56E-20
   3165.00  4.09E-20
   3170.00  4.27E-20
   3175.00  3.83E-20
   3180.00  3.65E-20
   3185.00  3.20E-20
   3190.00  3.00E-20
   3195.00  2.86E-20
   3200.00  3.15E-20
   3205.00  2.51E-20
   3210.00  2.04E-20
   3215.00  1.94E-20
   3220.00  2.12E-20
   3225.00  2.20E-20
   3230.00  1.78E-20
   3235.00  1.55E-20
   3240.00  1.35E-20
   3245.00  1.73E-20
   3250.00  1.55E-20
   3255.00  1.25E-20
   3260.00  1.08E-20
   3265.00  9.50E-21
   3270.00  9.20E-21
   3275.00  1.13E-20
   3280.00  1.15E-20
   3285.00  9.10E-21
   3290.00  6.58E-21
   3295.00  5.43E-21
   3300.00  6.33E-21
   3310.00  8.23E-21
   3320.00  3.26E-21
   3330.00  5.57E-21
   3350.00  1.89E-21
   3370.00  3.94E-21
   3380.00  1.37E-21
   3400.00  2.14E-21
   3420.00  8.57E-22
   3435.00  1.37E-21
   3500.00  2.57E-22
   3600.00  8.57E-24
   4000.00  8.57E-24
   4500.00  8.57E-23
   5000.00  1.20E-21
   5500.00  3.43E-21
   6000.00  5.14E-21
   6500.00  2.40E-21
   7000.00  9.43E-22
   7350.00  5.00E-22
   8000.00  2.00E-22
   8500.00  1.50E-22
   9000.00  1.00E-22
  11790.00  1.00E-35
  1
        34      0.00  11790.   O3       O/O2        26
Branching ratios:
   O2d is equivalent to O2(delta)
Lambda = 3045.-3195. A
   Moortgat, G. K., Warneck, P. (1975)
   Z. Naturforsch. 30A, 835
 
      0.00  0.00E 00
   3040.00  0.00E 00
   3045.00  1.00E-02
   3050.00  2.00E-02
   3055.00  3.00E-02
   3060.00  5.00E-02
   3065.00  7.00E-02
   3070.00  1.00E-01
   3075.00  1.30E-01
   3080.00  1.70E-01
   3085.00  2.30E-01
   3090.00  2.70E-01
   3095.00  3.30E-01
   3100.00  4.00E-01
   3105.00  4.60E-01
   3110.00  5.10E-01
   3115.00  5.70E-01
   3120.00  6.20E-01
   3125.00  6.60E-01
   3130.00  7.10E-01
   3135.00  7.50E-01
   3140.00  7.90E-01
   3145.00  8.30E-01
   3150.00  8.60E-01
   3155.00  8.90E-01
   3160.00  9.22E-01
   3165.00  9.46E-01
   3170.00  9.63E-01
   3175.00  9.78E-01
   3180.00  9.89E-01
   3185.00  9.96E-01
   3190.00  9.99E-01
   3195.00  1.00E 00
  11790.00  1.00E 00
         0      0.00   3195.00 O3       O1D/O2d     26
***
