       254      0.00   3990.   ocs      total
 cross section:
 lambda=1.-122.a  combination of atomic cross sections
    barfield et al.
 lambda=248.-954.a  carnovale, f., hitchcock, a. p., cook, j. p. d. and
    brion, c. e. (1982)
    chem. phys. 66, 249
 lambda=1060.-1240.a  lee, l. c. and chiang, c. c. (1982)
    chem. phys. lett. 92, 425
 lambda=1240.-1700.a  matsunaga, f. m. and watanabe, k. (1967)
    j. chem. phys. 46, 4457
 lambda=1850.-3000.a  molina, l. t., lamb, j. j. and molina, m. j. (1981)
    geophys. res. lett. 8, 1008

      0.61  3.30e-22
      1.12  2.80e-21
      2.44  1.90e-20
      4.98  1.30e-19
      5.20  2.50e-20
      6.15  4.30e-20
     12.57  3.00e-19
     22.64  8.50e-19
     23.61  7.00e-19
     24.62  7.70e-19
     50.30  3.80e-18
     52.50  3.50e-18
     62.10  5.00e-18
     67.50  5.80e-18
     70.50  3.00e-18
     73.50  1.00e-18
    121.70  2.80e-18
    248.00  9.75e-20
    253.00  8.20e-20
    258.00  9.20e-20
    264.00  1.00e-19
    270.00  1.02e-19
    276.00  9.38e-20
    282.00  9.93e-20
    288.00  9.66e-20
    295.00  1.10e-19
    302.00  1.05e-19
    310.00  1.08e-19
    318.00  1.12e-19
    326.00  1.10e-19
    335.00  1.14e-19
    344.00  1.20e-19
    354.00  1.28e-19
    365.00  1.33e-19
    376.00  1.43e-19
    387.00  1.46e-19
    400.00  1.59e-19
    413.00  1.67e-19
    428.00  1.81e-19
    443.00  1.93e-19
    459.00  2.05e-19
    477.00  2.21e-19
    496.00  2.38e-19
    517.00  2.49e-19
    539.00  2.71e-19
    564.00  2.96e-19
    590.00  3.17e-19
    620.00  3.53e-19
    653.00  4.01e-19
    654.00  4.00e-19
    689.00  3.91e-19
    729.00  3.54e-19
    775.00  3.03e-19
    827.00  3.70e-19
    886.00  5.17e-19
    907.00  5.00e-19
    954.00  4.87e-19
   1060.00  2.88e-17
   1070.00  2.90e-17
   1080.00  2.88e-17
   1090.00  2.88e-17
   1100.00  2.52e-17
   1110.00  2.45e-17
   1120.00  2.25e-17
   1130.00  2.20e-17
   1137.00  2.70e-17
   1140.00  1.75e-17
   1145.00  2.55e-17
   1148.00  1.50e-17
   1150.00  2.60e-17
   1158.00  1.70e-17
   1164.00  3.50e-17
   1168.00  1.75e-17
   1171.00  2.35e-17
   1172.00  1.35e-17
   1180.00  1.80e-17
   1185.00  1.35e-17
   1190.00  2.20e-17
   1192.00  1.70e-17
   1200.00  3.15e-17
   1207.00  1.65e-17
   1210.00  2.50e-17
   1214.00  7.50e-18
   1220.00  1.30e-17
   1230.00  1.70e-17
   1240.00  7.00e-18
   1245.00  2.98e-18
   1250.00  3.42e-17
   1255.00  4.84e-18
   1261.00  3.16e-17
   1267.00  6.32e-18
   1270.00  4.65e-17
   1277.00  7.25e-18
   1284.00  2.19e-16
   1290.00  8.18e-18
   1295.00  3.16e-16
   1306.00  6.70e-18
   1308.00  3.35e-17
   1314.00  6.77e-18
   1322.00  3.72e-17
   1328.00  4.84e-18
   1332.00  1.00e-16
   1342.00  4.84e-18
   1346.00  1.23e-16
   1354.00  4.84e-18
   1359.00  1.45e-16
   1368.00  3.53e-18
   1372.00  1.08e-16
   1380.00  1.86e-18
   1384.00  9.30e-17
   1392.00  2.42e-18
   1400.00  3.35e-16
   1408.00  1.75e-18
   1410.00  5.58e-17
   1420.00  2.16e-18
   1430.00  1.23e-17
   1434.00  4.84e-18
   1440.00  2.23e-17
   1450.00  7.63e-18
   1455.00  6.70e-17
   1465.00  2.05e-17
   1472.00  1.38e-16
   1482.00  2.33e-17
   1490.00  2.51e-16
   1501.00  3.35e-17
   1506.00  2.79e-16
   1512.00  4.46e-17
   1522.00  3.53e-16
   1535.00  5.58e-17
   1546.00  3.39e-16
   1555.00  7.44e-17
   1570.00  1.12e-16
   1575.00  6.32e-17
   1600.00  1.86e-17
   1625.00  1.49e-17
   1650.00  2.23e-17
   1675.00  2.79e-17
   1700.00  2.49e-17
   1820.00  7.00e-19
   1821.00  7.00e-19
   1850.00  2.12e-20
   1860.00  1.25e-19
   1870.00  7.02e-20
   1880.00  5.09e-20
   1890.00  2.76e-20
   1900.00  2.35e-20
   1910.00  1.62e-20
   1920.00  1.58e-20
   1930.00  1.49e-20
   1940.00  1.64e-20
   1950.00  1.81e-20
   1960.00  2.10e-20
   1970.00  2.42e-20
   1980.00  2.82e-20
   1990.00  3.30e-20
   2000.00  3.83e-20
   2010.00  4.57e-20
   2020.00  5.15e-20
   2030.00  6.21e-20
   2040.00  7.06e-20
   2050.00  8.02e-20
   2060.00  9.48e-20
   2070.00  1.05e-19
   2080.00  1.21e-19
   2090.00  1.35e-19
   2100.00  1.51e-19
   2110.00  1.70e-19
   2120.00  1.81e-19
   2130.00  2.03e-19
   2140.00  2.22e-19
   2150.00  2.31e-19
   2160.00  2.53e-19
   2170.00  2.72e-19
   2180.00  2.69e-19
   2190.00  2.82e-19
   2200.00  3.02e-19
   2210.00  2.92e-19
   2220.00  2.94e-19
   2230.00  3.05e-19
   2240.00  2.89e-19
   2250.00  2.84e-19
   2260.00  2.79e-19
   2270.00  2.58e-19
   2280.00  2.46e-19
   2290.00  2.34e-19
   2300.00  2.15e-19
   2310.00  1.88e-19
   2320.00  1.76e-19
   2330.00  1.60e-19
   2340.00  1.38e-19
   2350.00  1.20e-19
   2360.00  1.07e-19
   2370.00  9.37e-20
   2380.00  7.96e-20
   2390.00  6.71e-20
   2400.00  5.78e-20
   2410.00  5.00e-20
   2420.00  4.20e-20
   2430.00  3.48e-20
   2440.00  2.88e-20
   2450.00  2.46e-20
   2460.00  2.05e-20
   2470.00  1.69e-20
   2480.00  1.40e-20
   2490.00  1.15e-20
   2500.00  9.74e-21
   2510.00  7.56e-21
   2520.00  6.13e-21
   2530.00  5.01e-21
   2540.00  4.06e-21
   2550.00  3.32e-21
   2560.00  2.71e-21
   2570.00  2.19e-21
   2580.00  1.71e-21
   2590.00  1.36e-21
   2600.00  1.11e-21
   2610.00  9.05e-22
   2620.00  7.30e-22
   2630.00  6.11e-22
   2640.00  4.93e-22
   2650.00  4.03e-22
   2660.00  3.39e-22
   2670.00  2.68e-22
   2680.00  2.14e-22
   2690.00  1.92e-22
   2700.00  1.52e-22
   2710.00  1.16e-22
   2720.00  1.06e-22
   2730.00  9.21e-23
   2740.00  6.30e-23
   2750.00  5.26e-23
   2760.00  5.61e-23
   2770.00  3.96e-23
   2780.00  2.81e-23
   2790.00  2.50e-23
   2800.00  2.38e-23
   2810.00  1.44e-23
   2820.00  1.16e-23
   2830.00  1.31e-23
   2840.00  9.90e-24
   2850.00  6.10e-24
   2860.00  6.20e-24
   2870.00  6.80e-24
   2880.00  4.80e-24
   2890.00  3.40e-24
   2900.00  3.10e-24
   2910.00  3.60e-24
   2920.00  2.40e-24
   2930.00  1.50e-24
   2940.00  1.10e-24
   2950.00  1.50e-24
   2960.00  1.30e-24
   3369.00  1.00e-27
   3990.00  1.00e-32
 10
        31      0.00    564.   ocs      ciso        40
 branching ratios:
 lambda=248.-954.a  carnovale, f., hitchcock, a. p., cook, j. p. d. and
    brion, c. e. (1982)
    chem. phys. 66, 249

      0.60  5.00e-02
    248.00  4.71e-02
    253.00  4.20e-02
    258.00  4.00e-02
    264.00  3.89e-02
    270.00  4.10e-02
    276.00  3.84e-02
    282.00  4.00e-02
    288.00  3.58e-02
    295.00  3.28e-02
    302.00  3.30e-02
    310.00  3.88e-02
    318.00  3.86e-02
    326.00  3.70e-02
    335.00  3.70e-02
    344.00  3.67e-02
    354.00  3.57e-02
    365.00  3.48e-02
    376.00  3.35e-02
    387.00  3.33e-02
    400.00  2.62e-02
    413.00  1.92e-02
    428.00  1.20e-02
    443.00  7.06e-03
    459.00  8.90e-04
    477.00  2.00e-03
    496.00  1.15e-03
    517.00  1.80e-03
    539.00  1.00e-03
    564.00  0.00e 00
   3990.00  0.00e 00
        34      0.00    629.   ocs      oics        40
 branching ratios:
 lambda=248.-954.a  carnovale, f., hitchcock, a. p., cook, j. p. d. and
    brion, c. e. (1982)
    chem. phys. 66, 249

      0.60  1.50e-02
    248.00  1.66e-02
    253.00  1.90e-02
    258.00  2.00e-02
    264.00  1.81e-02
    270.00  2.22e-02
    276.00  1.29e-02
    282.00  1.90e-02
    288.00  1.82e-02
    295.00  1.31e-02
    302.00  1.55e-02
    310.00  1.52e-02
    318.00  1.29e-02
    326.00  9.90e-03
    335.00  9.60e-03
    344.00  1.00e-02
    354.00  7.90e-03
    365.00  6.00e-03
    376.00  7.00e-03
    387.00  5.10e-03
    400.00  2.80e-03
    413.00  2.80e-03
    428.00  1.00e-03
    443.00  1.00e-03
    459.00  3.00e-03
    477.00  1.00e-03
    496.00  3.05e-03
    517.00  1.80e-03
    539.00  2.00e-03
    564.00  3.00e-03
    590.00  2.80e-03
    620.00  1.00e-03
    629.00  0.00e 00
   3990.00  0.00e 00
        36      0.00    704.   ocs      cois        40
 branching ratios:
 lambda=248.-954.a  carnovale, f., hitchcock, a. p., cook, j. p. d. and
    brion, c. e. (1982)
    chem. phys. 66, 249

      0.60  1.70e-01
    248.00  1.66e-01
    253.00  1.58e-01
    258.00  1.60e-01
    264.00  1.63e-01
    270.00  1.52e-01
    276.00  1.56e-01
    282.00  1.55e-01
    288.00  1.61e-01
    295.00  1.63e-01
    302.00  1.50e-01
    310.00  1.43e-01
    318.00  1.46e-01
    326.00  1.40e-01
    335.00  1.27e-01
    344.00  1.22e-01
    354.00  1.14e-01
    365.00  1.16e-01
    376.00  1.15e-01
    387.00  1.13e-01
    400.00  1.09e-01
    413.00  1.15e-01
    428.00  1.10e-01
    443.00  1.04e-01
    459.00  1.11e-01
    477.00  1.03e-01
    496.00  1.03e-01
    517.00  9.55e-02
    539.00  9.10e-02
    564.00  7.50e-02
    590.00  5.72e-02
    620.00  3.61e-02
    653.00  1.78e-02
    689.00  6.99e-03
    704.00  0.00e 00
   3990.00  0.00e 00
        40      0.00    907.   ocs      sico        40
 branching ratios:
 lambda=248.-954.a  carnovale, f., hitchcock, a. p., cook, j. p. d. and
    brion, c. e. (1982)
    chem. phys. 66, 249

      0.60  6.00e-01
    248.00  6.20e-01
    253.00  6.31e-01
    258.00  6.18e-01
    264.00  6.24e-01
    270.00  6.33e-01
    276.00  6.35e-01
    282.00  6.30e-01
    288.00  6.33e-01
    295.00  6.38e-01
    302.00  6.40e-01
    310.00  6.32e-01
    318.00  6.39e-01
    326.00  6.36e-01
    335.00  6.45e-01
    344.00  6.53e-01
    354.00  6.56e-01
    365.00  6.58e-01
    376.00  6.45e-01
    387.00  6.53e-01
    400.00  6.58e-01
    413.00  6.52e-01
    428.00  6.53e-01
    443.00  6.54e-01
    459.00  6.48e-01
    477.00  6.36e-01
    496.00  6.28e-01
    517.00  6.18e-01
    539.00  6.11e-01
    564.00  6.05e-01
    590.00  5.92e-01
    620.00  5.86e-01
    653.00  5.96e-01
    689.00  5.78e-01
    729.00  5.31e-01
    775.00  3.61e-01
    827.00  1.23e-01
    886.00  2.47e-02
    907.00  0.00e 00
   3990.00  0.00e 00
        34      0.00    654.   ocs      csio        40
 branching ratios:
 lambda=248.-954.a  carnovale, f., hitchcock, a. p., cook, j. p. d. and
    brion, c. e. (1982)
    chem. phys. 66, 249

      0.60  2.00e-02
    248.00  2.13e-02
    253.00  2.70e-02
    258.00  2.20e-02
    264.00  2.00e-02
    270.00  1.78e-02
    276.00  2.07e-02
    282.00  1.90e-02
    288.00  2.00e-02
    295.00  2.21e-02
    302.00  2.25e-02
    310.00  2.78e-02
    318.00  2.65e-02
    326.00  2.81e-02
    335.00  3.04e-02
    344.00  3.13e-02
    354.00  2.92e-02
    365.00  3.42e-02
    376.00  3.35e-02
    387.00  3.26e-02
    400.00  3.20e-02
    413.00  3.50e-02
    428.00  3.30e-02
    443.00  3.00e-02
    459.00  2.70e-02
    477.00  2.70e-02
    496.00  1.58e-02
    517.00  1.09e-02
    539.00  1.20e-02
    564.00  1.00e-02
    590.00  2.80e-02
    620.00  4.90e-03
    654.00  0.00e 00
   3990.00  0.00e 00
        43      0.00   1120.   ocs      cosi         2
 branching ratios:
 lambda=248.-954.a  carnovale, f., hitchcock, a. p., cook, j. p. d. and
    brion, c. e. (1982)
    chem. phys. 66, 249

      0.60  1.45e-01
    248.00  1.29e-01
    253.00  1.23e-01
    258.00  1.40e-01
    264.00  1.36e-01
    270.00  1.34e-01
    276.00  1.37e-01
    282.00  1.37e-01
    288.00  1.32e-01
    295.00  1.31e-01
    302.00  1.39e-01
    310.00  1.43e-01
    318.00  1.37e-01
    326.00  1.49e-01
    335.00  1.51e-01
    344.00  1.47e-01
    354.00  1.57e-01
    365.00  1.51e-01
    376.00  1.66e-01
    387.00  1.63e-01
    400.00  1.72e-01
    413.00  1.76e-01
    428.00  1.91e-01
    443.00  2.02e-01
    459.00  2.09e-01
    477.00  2.31e-01
    496.00  2.49e-01
    517.00  2.72e-01
    539.00  2.83e-01
    564.00  3.07e-01
    590.00  3.20e-01
    620.00  3.72e-01
    653.00  3.86e-01
    689.00  4.15e-01
    729.00  4.69e-01
    775.00  6.39e-01
    827.00  8.77e-01
    886.00  9.75e-01
    954.00  1.00e 00
   1060.00  9.00e-01
   1120.00  9.00e-01
   1121.00  0.00e 00
   3990.00  0.00e 00
        15      0.00   2120.00 ocs      cods1s      26
 branching ratios:
 lambda=1100.-1700.a black,g.,sharpless,r.l.,slanger,t.g.,
    and lorents,d.c.(1975)
    j.chem.phys 62,4274

      0.60  0.00e 00
    954.00  0.00e 00
   1100.00  1.00e-01
   1120.00  1.00e-01
   1200.00  2.00e-01
   1300.00  1.00e-01
   1400.00  1.00e-01
   1410.00  8.00e-01
   1600.00  1.00e 00
   1610.00  7.00e-01
   1620.00  5.00e-01
   1650.00  2.50e-01
   1700.00  2.00e-01
   2120.00  0.00e 00
   3990.00  0.00e 00
         5      0.00   1820.   ocs      csdo        26
 branching ratios:
 black,g.,sharpless,r.l.,slanger,t.g., and lorents, d.c. (1975)
    j.chem.phys 62,4274
 okabe, h. (1978)
 photochemistry of small molecules.

      0.60  0.00e 00
   1700.00  0.00e 00
   1820.00  1.00e-01
   1821.00  0.00e 00
   3990.00  0.00e 00
        12      0.00   2910.00 ocs      cods1d      26
 branching ratios:
 lambda=1600.-1820.a black,g.,sharpless,r.l.,slanger,t.g.,
    and lorents,d.c.(1975)
    j.chem.phys 62,4274
 lamda=2288.-2537.a okabe, h. (1978)
 photochemistry of small molecules.

      0.60  0.00e 00
   1600.00  0.00e 00
   1610.00  3.00e-01
   1620.00  5.00e-01
   1650.00  7.50e-01
   1700.00  8.00e-01
   1820.00  7.00e-01
   2288.00  6.70e-01
   2537.00  7.40e-01
   2910.00  5.00e-01
   2910.10  0.00e 00
   3990.00  0.00e 00
         8      0.00   1410.00 ocs      csdo1d      26
 branching ratios:
 lambda=1100.-1410.a black,g.,sharpless,r.l.,slanger,t.g.,
    and lorents,d.c.(1975)
    j.chem.phys 62,4274

      0.60  0.00e 00
   1120.00  0.00e 00
   1200.00  8.00e-01
   1300.00  9.00e-01
   1400.00  9.00e-01
   1410.00  2.00e-01
   1410.10  0.00e 00
   3990.00  0.00e 00
         0      0.00   3990.00 ocs      cods        26
***
