       776      0.00    758.51 Si+      Si^2+        2
Cross section:
Lambda = 0.1 - 320.00 A
   Verner, D. A., Yakovlev, D. G., Band, I. M., Trzhaskovskaya, M. B. (1993)
   Atomic Data Nuclear Data Tables 55, 233.
   Verner, D. A., Yakovlev, D. G. (1995)
   Astron. Astrophys. Suppl. 109, 125.
   Verner, D. A., Ferland, G. J., Korista, K. T., Yakovlev, D. G. (1996)
   Astrophys. J. 465, 487.
Lambda = 320.98 - 785.62 A
   TOPbase:  Photoionisation Cross Sections, 
   http://cdsweb.u-strasbg.fr/topbase/xsections.html.
Threshold:
Lambda = 758.51 A
   Martin, W. C., Zalubas, R. (1983)
   J. Phys. Chem. Ref. Data 12, 323-379.

      0.10  6.07E-25
      6.71  1.52E-19
      6.72  1.43E-20
     10.00  4.12E-20
     20.00  2.48E-19
     30.00  6.82E-19
     40.00  1.34E-18
     50.00  2.19E-18
     60.00  3.14E-18
     70.00  4.10E-18
     76.58  4.69E-18
     76.59  4.21E-18
     80.00  4.48E-18
     90.00  5.12E-18
    100.00  5.48E-18
    104.54  5.53E-18
    104.55  2.18E-19
    110.00  2.34E-19
    120.00  2.65E-19
    130.00  2.95E-19
    140.00  3.24E-19
    150.00  3.52E-19
    160.00  3.79E-19
    170.00  4.05E-19
    180.00  4.29E-19
    190.00  4.51E-19
    200.00  4.73E-19
    210.00  4.92E-19
    220.00  5.10E-19
    230.00  5.26E-19
    240.00  5.41E-19
    250.00  5.54E-19
    260.00  5.65E-19
    270.00  5.74E-19
    280.00  5.82E-19
    290.00  5.88E-19
    300.00  5.93E-19
    310.00  5.96E-19
    320.00  5.97E-19
    320.98  5.84E-19
    330.34  5.63E-19
    330.43  6.29E-19
    330.48  5.64E-19
    330.73  5.67E-19
    331.10  5.63E-19
    331.48  5.60E-19
    331.63  6.26E-19
    331.69  5.67E-19
    332.00  5.70E-19
    332.78  5.54E-19
    333.05  5.57E-19
    333.34  6.23E-19
    333.39  5.87E-19
    333.51  5.67E-19
    334.71  5.53E-19
    335.00  5.63E-19
    335.42  5.58E-19
    335.88  6.28E-19
    335.97  5.82E-19
    336.10  5.69E-19
    338.00  5.62E-19
    338.34  5.70E-19
    339.11  5.60E-19
    339.34  5.95E-19
    339.84  5.93E-19
    339.99  5.57E-19
    340.42  5.43E-19
    341.69  5.74E-19
    341.94  6.46E-19
    341.96  5.82E-19
    341.97  5.63E-19
    342.02  5.64E-19
    342.11  6.05E-19
    342.59  6.01E-19
    342.78  5.78E-19
    343.19  5.78E-19
    343.22  6.10E-19
    343.24  5.91E-19
    343.40  5.05E-19
    343.44  5.61E-19
    343.49  6.07E-19
    343.90  6.05E-19
    344.48  5.61E-19
    344.56  6.12E-19
    344.89  5.79E-19
    345.00  5.96E-19
    345.05  5.80E-19
    345.29  5.13E-19
    345.32  5.56E-19
    345.34  6.32E-19
    345.41  5.81E-19
    345.58  5.76E-19
    345.70  6.45E-19
    345.85  5.97E-19
    346.49  5.74E-19
    346.57  5.35E-19
    346.86  5.74E-19
    346.92  5.66E-19
    347.20  5.77E-19
    347.61  6.07E-19
    347.78  5.89E-19
    347.88  5.93E-19
    347.92  6.33E-19
    347.99  7.84E-19
    348.02  7.80E-19
    348.20  5.99E-19
    348.23  6.03E-19
    348.27  6.36E-19
    348.34  6.29E-19
    348.45  6.60E-19
    349.64  6.94E-19
    349.68  7.35E-19
    349.82  7.07E-19
    350.14  5.90E-19
    350.21  5.93E-19
    350.31  7.32E-19
    350.42  6.96E-19
    350.56  7.22E-19
    351.09  6.69E-19
    351.59  5.63E-19
    351.68  5.76E-19
    351.75  6.58E-19
    351.84  7.29E-19
    352.23  6.70E-19
    352.70  6.29E-19
    352.80  6.75E-19
    352.93  8.55E-19
    352.98  8.52E-19
    353.07  6.85E-19
    353.14  6.21E-19
    353.71  5.70E-19
    354.05  6.64E-19
    356.22  5.53E-19
    356.74  4.71E-19
    356.92  4.94E-19
    357.01  5.79E-19
    357.09  7.45E-19
    357.11  7.65E-19
    357.21  6.47E-19
    357.26  6.83E-19
    357.29  7.74E-19
    357.30  7.55E-19
    357.42  8.20E-19
    357.69  7.40E-19
    357.85  7.81E-19
    357.91  7.16E-19
    358.03  5.84E-19
    358.17  5.17E-19
    358.27  5.34E-19
    358.38  6.47E-19
    358.48  7.13E-19
    358.58  6.80E-19
    358.76  7.52E-19
    358.79  7.14E-19
    358.98  6.51E-19
    359.18  5.33E-19
    359.28  6.54E-19
    359.40  6.79E-19
    360.39  6.09E-19
    360.54  6.62E-19
    360.74  6.35E-19
    360.89  7.07E-19
    360.95  6.67E-19
    361.11  6.19E-19
    361.38  6.47E-19
    361.76  5.58E-19
    362.00  5.52E-19
    362.44  4.99E-19
    362.74  4.72E-19
    362.84  5.11E-19
    362.91  5.89E-19
    363.09  9.59E-19
    363.16  1.01E-18
    363.34  9.31E-19
    363.49  8.92E-19
    363.56  9.63E-19
    363.64  1.20E-18
    363.68  1.21E-18
    363.75  9.55E-19
    363.79  8.75E-19
    363.87  7.88E-19
    364.07  6.86E-19
    364.23  7.25E-19
    364.31  6.97E-19
    364.52  6.69E-19
    364.65  7.06E-19
    364.74  6.63E-19
    365.23  6.21E-19
    368.58  5.55E-19
    369.16  6.03E-19
    369.57  5.96E-19
    369.78  5.28E-19
    370.50  5.05E-19
    370.80  3.66E-19
    370.89  3.97E-19
    370.91  4.49E-19
    370.92  5.07E-19
    370.96  7.81E-19
    370.98  8.35E-19
    370.99  8.50E-19
    371.06  7.08E-19
    371.14  5.83E-19
    371.28  4.81E-19
    371.48  4.01E-19
    371.58  4.08E-19
    371.65  4.78E-19
    371.73  6.30E-19
    371.81  8.53E-19
    371.89  8.63E-19
    371.96  8.52E-19
    371.99  7.91E-19
    372.01  6.55E-19
    372.02  8.54E-19
    372.21  7.70E-19
    372.33  7.78E-19
    372.39  7.42E-19
    372.59  6.44E-19
    372.63  6.87E-19
    372.70  6.81E-19
    373.57  5.67E-19
    373.62  6.50E-19
    373.68  6.29E-19
    373.94  5.79E-19
    373.99  5.48E-19
    374.01  5.98E-19
    374.04  5.84E-19
    374.33  5.58E-19
    374.75  4.49E-19
    374.78  4.72E-19
    374.80  5.37E-19
    374.83  6.28E-19
    374.86  6.87E-19
    374.89  7.02E-19
    375.05  6.33E-19
    375.49  5.71E-19
    375.79  5.61E-19
    376.58  5.47E-19
    376.90  5.28E-19
    376.94  6.05E-19
    376.98  5.65E-19
    377.23  5.37E-19
    377.62  4.45E-19
    377.90  3.93E-19
    377.98  3.96E-19
    378.02  4.23E-19
    378.10  5.04E-19
    378.19  5.61E-19
    378.36  5.91E-19
    378.62  6.81E-19
    378.80  5.90E-19
    378.98  5.22E-19
    379.16  5.68E-19
    379.35  5.30E-19
    379.49  5.37E-19
    379.64  6.20E-19
    379.84  5.91E-19
    380.84  4.58E-19
    380.95  4.92E-19
    381.06  5.80E-19
    381.17  6.20E-19
    381.70  5.52E-19
    382.83  5.31E-19
    383.09  4.86E-19
    383.50  4.63E-19
    383.57  4.88E-19
    383.64  5.52E-19
    383.78  7.32E-19
    383.85  7.45E-19
    384.22  6.32E-19
    384.82  5.61E-19
    388.89  4.17E-19
    388.99  4.34E-19
    389.19  5.55E-19
    389.30  4.99E-19
    389.63  3.63E-19
    389.66  3.67E-19
    389.70  4.91E-19
    389.75  5.62E-19
    389.85  5.80E-19
    390.10  7.03E-19
    390.28  7.40E-19
    390.70  5.90E-19
    390.87  5.67E-19
    390.96  6.26E-19
    391.07  8.04E-19
    391.15  8.78E-19
    391.28  8.19E-19
    391.30  8.60E-19
    391.32  1.10E-18
    391.36  8.53E-19
    391.38  8.23E-19
    391.47  8.64E-19
    391.67  7.70E-19
    391.91  6.96E-19
    392.14  6.64E-19
    392.74  5.93E-19
    393.18  6.46E-19
    393.56  5.17E-19
    393.82  4.99E-19
    393.88  5.28E-19
    393.97  6.67E-19
    394.09  6.83E-19
    394.87  5.96E-19
    395.25  6.04E-19
    395.50  7.07E-19
    395.83  6.15E-19
    396.75  5.93E-19
    397.14  5.58E-19
    397.36  4.27E-19
    397.45  4.01E-19
    397.54  4.29E-19
    397.68  5.53E-19
    397.77  5.92E-19
    398.10  5.73E-19
    400.18  4.98E-19
    400.48  5.62E-19
    401.29  5.43E-19
    401.42  5.60E-19
    401.59  5.19E-19
    401.63  5.30E-19
    401.65  5.91E-19
    401.66  4.91E-19
    401.69  4.73E-19
    401.84  3.81E-19
    401.86  4.31E-19
    401.87  6.53E-19
    401.89  5.22E-19
    401.92  4.52E-19
    401.94  4.89E-19
    401.95  6.53E-19
    402.00  5.70E-19
    402.11  5.13E-19
    403.02  3.96E-19
    403.04  6.15E-19
    403.06  4.08E-19
    403.15  4.03E-19
    403.27  4.37E-19
    403.40  5.50E-19
    403.46  6.17E-19
    403.48  5.99E-19
    403.54  4.11E-19
    403.56  3.68E-19
    403.59  3.50E-19
    403.65  3.56E-19
    403.67  4.04E-19
    403.69  4.29E-19
    403.71  4.35E-19
    403.76  4.08E-19
    403.80  3.04E-19
    403.82  6.06E-19
    403.85  5.80E-19
    403.87  5.03E-19
    403.89  4.60E-19
    403.91  4.69E-19
    403.96  5.52E-19
    404.00  5.83E-19
    404.21  5.36E-19
    404.31  5.43E-19
    404.40  6.27E-19
    404.50  6.66E-19
    404.96  5.22E-19
    405.07  5.26E-19
    405.23  6.43E-19
    405.34  6.57E-19
    405.37  7.20E-19
    405.39  6.62E-19
    405.71  6.02E-19
    405.83  6.03E-19
    405.86  8.13E-19
    405.89  6.18E-19
    405.92  5.86E-19
    406.07  5.52E-19
    406.32  4.57E-19
    406.41  3.73E-19
    406.48  2.75E-19
    406.51  6.43E-19
    406.54  7.28E-19
    406.71  6.57E-19
    407.01  5.96E-19
    408.27  5.42E-19
    408.80  5.58E-19
    409.02  6.74E-19
    409.10  6.05E-19
    409.24  5.45E-19
    409.41  5.42E-19
    409.46  5.84E-19
    409.55  5.13E-19
    409.88  4.61E-19
    409.92  4.71E-19
    409.97  4.54E-19
    410.36  4.00E-19
    410.51  3.34E-19
    410.56  6.23E-19
    410.61  6.87E-19
    410.66  6.11E-19
    410.76  5.50E-19
    410.97  5.09E-19
    412.42  4.07E-19
    413.60  2.96E-19
    413.67  3.68E-19
    413.74  2.98E-19
    413.80  2.90E-19
    413.94  2.93E-19
    414.07  3.22E-19
    414.14  3.69E-19
    414.21  7.86E-19
    414.28  3.78E-19
    414.48  4.95E-19
    414.84  7.71E-19
    415.13  9.30E-19
    415.21  8.84E-19
    416.36  6.17E-19
    416.44  5.67E-19
    416.53  5.63E-19
    416.61  5.90E-19
    416.77  5.53E-19
    416.94  4.58E-19
    417.02  3.79E-19
    417.11  4.69E-19
    417.19  8.03E-19
    417.28  8.05E-19
    417.36  7.62E-19
    417.71  6.73E-19
    418.81  5.95E-19
    422.62  5.14E-19
    424.22  5.08E-19
    424.61  4.85E-19
    426.39  4.53E-19
    427.12  3.95E-19
    427.27  3.60E-19
    427.42  4.62E-19
    427.57  4.26E-19
    428.18  3.65E-19
    428.66  2.76E-19
    428.82  3.40E-19
    428.98  6.69E-19
    429.14  6.94E-19
    429.30  6.28E-19
    429.63  5.52E-19
    430.14  5.03E-19
    433.81  3.69E-19
    435.02  3.42E-19
    435.65  3.58E-19
    436.08  4.08E-19
    436.30  4.56E-19
    436.52  5.57E-19
    436.74  4.55E-19
    437.18  5.59E-19
    437.86  6.19E-19
    440.02  5.85E-19
    444.56  4.50E-19
    445.43  4.44E-19
    445.73  4.74E-19
    446.33  6.06E-19
    446.95  5.55E-19
    448.53  4.48E-19
    448.85  3.98E-19
    449.18  5.05E-19
    449.51  4.65E-19
    449.85  4.56E-19
    451.57  4.85E-19
    453.38  4.41E-19
    453.75  4.53E-19
    454.13  5.44E-19
    454.51  7.30E-19
    454.89  7.33E-19
    455.28  6.51E-19
    456.07  5.54E-19
    457.69  4.88E-19
    462.05  4.27E-19
    466.40  4.12E-19
    467.91  4.48E-19
    469.44  5.45E-19
    469.96  5.51E-19
    472.10  4.45E-19
    473.77  4.13E-19
    476.08  4.29E-19
    476.68  7.39E-19
    476.73  7.41E-19
    476.77  6.74E-19
    476.81  4.86E-19
    476.83  4.92E-19
    476.85  4.42E-19
    476.91  3.00E-19
    476.95  2.44E-19
    476.99  2.15E-19
    477.04  2.05E-19
    477.10  2.11E-19
    477.43  3.20E-19
    477.98  4.55E-19
    478.08  5.06E-19
    478.13  5.77E-19
    478.15  6.43E-19
    478.18  7.49E-19
    478.20  9.13E-19
    478.25  1.34E-18
    478.28  1.42E-18
    478.30  1.35E-18
    478.38  9.97E-19
    478.43  8.64E-19
    478.51  7.62E-19
    478.66  6.84E-19
    478.96  6.53E-19
    479.01  5.54E-19
    479.07  5.59E-19
    479.12  5.85E-19
    479.15  6.64E-19
    479.18  3.84E-19
    479.21  3.55E-19
    479.24  3.49E-19
    479.26  3.67E-19
    479.29  4.59E-19
    479.35  9.05E-19
    479.38  9.91E-19
    479.47  8.09E-19
    479.52  7.36E-19
    479.64  6.83E-19
    480.65  5.98E-19
    482.01  4.93E-19
    482.21  4.35E-19
    482.29  3.65E-19
    482.33  4.68E-19
    482.37  6.75E-19
    482.45  7.80E-19
    482.49  1.12E-18
    482.57  6.60E-19
    482.65  5.40E-19
    482.69  4.64E-19
    482.73  3.41E-19
    482.77  3.88E-19
    482.82  4.56E-19
    482.90  4.93E-19
    485.44  4.06E-19
    486.71  3.46E-19
    486.94  3.08E-19
    487.06  2.56E-19
    487.12  2.50E-19
    487.18  3.61E-19
    487.24  4.29E-19
    487.30  4.76E-19
    487.36  6.04E-19
    487.42  9.55E-19
    487.49  1.05E-18
    487.55  7.44E-19
    487.61  5.80E-19
    487.73  4.02E-19
    487.86  4.28E-19
    488.18  3.89E-19
    491.03  2.66E-19
    491.19  2.77E-19
    491.27  3.14E-19
    491.35  5.78E-19
    491.43  1.56E-18
    491.51  6.54E-19
    491.59  5.76E-19
    491.68  5.70E-19
    492.17  4.41E-19
    492.60  3.80E-19
    494.04  2.92E-19
    494.52  2.48E-19
    494.71  2.04E-19
    494.81  2.26E-19
    494.91  4.03E-19
    495.10  5.80E-19
    495.20  7.86E-19
    495.30  1.05E-18
    495.40  9.63E-19
    495.51  7.25E-19
    495.71  3.95E-19
    495.81  4.86E-19
    495.92  4.38E-19
    496.13  3.91E-19
    496.66  3.43E-19
    498.00  3.04E-19
    500.32  2.87E-19
    502.07  3.11E-19
    505.04  4.35E-19
    506.34  4.37E-19
    507.53  3.78E-19
    507.88  3.31E-19
    508.06  3.40E-19
    508.24  4.45E-19
    508.42  5.18E-19
    508.60  6.15E-19
    508.78  7.64E-19
    508.97  8.82E-19
    509.15  7.95E-19
    509.34  5.45E-19
    509.52  4.16E-19
    509.71  5.02E-19
    509.90  4.52E-19
    510.09  4.47E-19
    510.28  4.87E-19
    510.87  7.40E-19
    511.07  7.92E-19
    511.46  8.08E-19
    513.12  6.24E-19
    514.87  5.16E-19
    517.94  4.31E-19
    523.89  3.65E-19
    532.79  3.37E-19
    533.53  3.15E-19
    533.91  2.58E-19
    534.29  4.48E-19
    534.67  4.29E-19
    535.84  5.74E-19
    536.24  5.73E-19
    536.64  4.69E-19
    537.05  4.04E-19
    537.46  4.63E-19
    537.87  3.02E-19
    538.28  3.80E-19
    538.70  4.33E-19
    539.56  5.74E-19
    539.99  6.78E-19
    541.31  1.06E-18
    541.76  1.10E-18
    542.21  1.06E-18
    543.58  7.73E-19
    544.50  6.33E-19
    545.92  5.13E-19
    547.37  4.51E-19
    549.90  3.99E-19
    555.33  3.64E-19
    555.91  3.04E-19
    555.98  2.34E-19
    556.01  4.74E-19
    556.04  2.89E-19
    556.09  2.64E-19
    556.26  2.51E-19
    558.02  2.48E-19
    558.37  2.62E-19
    558.44  2.88E-19
    558.47  3.63E-19
    558.51  4.29E-20
    558.54  1.76E-19
    558.58  2.00E-19
    558.65  2.14E-19
    558.87  2.12E-19
    558.91  2.22E-19
    558.94  3.67E-19
    558.98  6.33E-18
    559.02  5.83E-19
    559.06  3.73E-19
    559.09  3.17E-19
    559.17  2.70E-19
    559.21  2.38E-19
    559.24  3.73E-19
    559.28  2.98E-19
    559.36  2.78E-19
    559.75  2.62E-19
    562.42  2.67E-19
    562.62  2.85E-19
    562.67  3.05E-19
    562.73  3.95E-19
    562.78  8.05E-20
    562.83  1.91E-19
    562.88  2.13E-19
    562.98  2.25E-19
    563.30  2.16E-19
    563.35  2.47E-19
    563.40  1.40E-18
    563.46  1.01E-18
    563.51  4.62E-19
    563.57  3.65E-19
    563.62  3.27E-19
    563.73  2.84E-19
    563.78  2.31E-19
    563.84  3.49E-19
    563.89  3.13E-19
    564.01  2.97E-19
    564.52  2.82E-19
    568.54  2.91E-19
    568.84  3.11E-19
    568.92  3.35E-19
    568.99  4.71E-19
    569.07  1.38E-19
    569.15  2.18E-19
    569.22  2.36E-19
    569.46  2.46E-19
    569.86  2.22E-19
    569.94  3.27E-19
    570.02  2.28E-18
    570.10  6.26E-19
    570.19  4.39E-19
    570.27  3.81E-19
    570.52  3.06E-19
    570.60  4.04E-19
    570.69  3.57E-19
    570.77  3.39E-19
    571.03  3.24E-19
    572.93  3.14E-19
    578.20  3.40E-19
    578.57  3.67E-19
    578.69  4.11E-19
    578.81  5.37E-19
    578.94  2.28E-19
    579.07  2.70E-19
    579.32  2.88E-19
    579.83  2.77E-19
    580.23  2.32E-19
    580.36  5.26E-19
    580.49  8.86E-19
    580.63  5.56E-19
    580.76  4.67E-19
    580.90  4.29E-19
    581.17  3.86E-19
    581.31  3.28E-19
    581.45  4.21E-19
    581.73  3.93E-19
    583.02  3.80E-19
    590.62  4.28E-19
    593.65  4.79E-19
    594.29  5.32E-19
    594.51  5.93E-19
    594.72  5.49E-19
    594.94  2.59E-19
    595.16  3.51E-19
    595.39  3.86E-19
    596.06  4.22E-19
    597.22  4.19E-19
    597.69  3.81E-19
    597.93  3.31E-19
    598.17  2.59E-19
    598.41  3.76E-19
    598.66  5.57E-19
    598.90  5.93E-19
    599.65  5.99E-19
    599.90  5.76E-19
    600.15  4.81E-19
    600.41  5.82E-19
    601.45  6.85E-19
    601.72  7.67E-19
    601.98  5.66E-19
    602.25  4.24E-19
    602.52  5.10E-19
    603.07  5.75E-19
    606.81  7.78E-19
    608.35  8.14E-19
    609.30  7.42E-19
    610.93  4.48E-19
    611.61  3.53E-19
    612.29  2.95E-19
    612.98  2.68E-19
    614.03  2.61E-19
    622.61  3.94E-19
    629.41  4.60E-19
    629.90  4.25E-19
    630.39  5.20E-19
    630.88  5.05E-19
    635.00  5.53E-19
    635.54  4.38E-19
    636.08  5.02E-19
    637.17  5.93E-19
    637.73  5.01E-19
    638.29  5.36E-19
    654.94  7.13E-19
    685.84  1.06E-18
    715.81  1.54E-18
    718.76  1.47E-18
    720.27  2.09E-18
    721.79  1.97E-18
    724.91  2.06E-18
    729.76  2.41E-18
    733.10  2.90E-18
    734.81  3.33E-18
    736.55  4.01E-18
    738.31  4.92E-18
    740.10  4.13E-18
    741.91  1.14E-18
    743.75  4.04E-19
    745.62  4.93E-19
    749.45  8.52E-19
    753.39  1.12E-18
    761.67  1.47E-18
    785.62  2.11E-18
  0
***
