       394      9.11   1083.00 C(3P)    C+           2
Cross section:
Lambda = 0.10 A
   Verner, D. A.,  
Lambda = 9.11-1082. A
   TOPbase:  Photoionisation Cross Sections, 
   http://cdsweb.u-strasbg.fr/topbase/xsections.html.
Threshold:
Lambda = 1101.1 A
   Johansson, L. (1966)
   Ark. Fys. 31, 201.

      0.10  1.06E-26
      9.11  1.73E-20
     10.76  2.78E-20
     12.71  4.45E-20
     15.01  7.05E-20
     17.72  1.11E-19
     20.93  1.73E-19
     24.71  2.67E-19
     29.19  4.07E-19
     34.47  6.10E-19
     40.70  9.08E-19
     41.08  9.30E-19
     41.09  7.52E-19
     41.46  2.74E-19
     46.03  5.75E-20
     51.73  7.54E-20
     59.03  1.02E-19
     68.75  1.43E-19
     82.29  2.12E-19
    102.50  3.36E-19
    135.80  5.95E-19
    201.10  1.27E-18
    368.40  4.19E-18
    375.80  4.65E-18
    377.30  4.55E-18
    377.40  4.81E-18
    377.50  4.73E-18
    377.70  4.35E-18
    377.80  4.92E-18
    377.90  4.74E-18
    378.10  4.52E-18
    378.30  4.52E-18
    378.40  5.30E-18
    378.50  4.77E-18
    378.90  4.47E-18
    379.10  4.30E-18
    379.20  5.38E-18
    379.30  5.09E-18
    379.40  4.78E-18
    380.20  4.28E-18
    380.30  4.52E-18
    380.40  5.34E-18
    380.50  5.21E-18
    380.80  4.87E-18
    381.40  4.55E-18
    381.90  4.47E-18
    382.40  4.98E-18
    382.60  5.22E-18
    382.90  5.08E-18
    383.90  4.67E-18
    384.80  4.88E-18
    386.20  4.91E-18
    386.50  4.96E-18
    387.40  5.13E-18
    388.10  4.99E-18
    395.90  4.94E-18
    396.20  5.15E-18
    396.50  5.23E-18
    398.80  5.13E-18
    403.00  5.52E-18
    407.30  5.19E-18
    407.40  5.59E-18
    407.60  5.41E-18
    407.80  5.45E-18
    407.90  5.55E-18
    408.10  5.41E-18
    408.30  5.25E-18
    408.40  5.49E-18
    408.50  5.56E-18
    409.20  5.27E-18
    409.30  5.49E-18
    409.40  5.64E-18
    410.30  5.36E-18
    410.60  5.15E-18
    410.70  5.72E-18
    410.80  5.73E-18
    410.90  5.60E-18
    411.40  5.46E-18
    412.70  5.22E-18
    413.00  5.46E-18
    413.10  5.71E-18
    413.20  5.76E-18
    413.40  5.66E-18
    414.80  5.37E-18
    416.80  5.55E-18
    417.40  5.41E-18
    417.60  5.91E-18
    418.00  5.84E-18
    418.30  5.54E-18
    421.70  5.75E-18
    421.80  5.78E-18
    422.10  5.59E-18
    422.20  5.77E-18
    422.70  5.60E-18
    422.80  5.70E-18
    422.90  5.81E-18
    423.60  5.60E-18
    423.80  5.77E-18
    423.90  5.82E-18
    424.90  5.61E-18
    425.30  5.79E-18
    425.40  5.83E-18
    426.20  5.67E-18
    427.30  5.39E-18
    427.50  5.50E-18
    427.60  6.02E-18
    427.70  6.84E-18
    427.80  6.42E-18
    428.00  6.05E-18
    431.30  5.82E-18
    432.80  6.02E-18
    440.30  5.97E-18
    443.00  6.13E-18
    443.30  6.30E-18
    446.20  6.05E-18
    446.30  6.75E-18
    446.40  6.29E-18
    446.70  5.73E-18
    446.80  5.75E-18
    446.90  7.26E-18
    447.00  6.30E-18
    447.50  5.93E-18
    447.60  5.53E-18
    447.70  7.28E-18
    447.80  6.58E-18
    447.90  6.28E-18
    448.50  5.88E-18
    448.60  5.89E-18
    448.70  6.32E-18
    448.80  5.44E-18
    448.90  7.32E-18
    449.00  6.63E-18
    449.20  6.27E-18
    449.90  6.08E-18
    450.40  6.20E-18
    450.50  6.17E-18
    450.60  5.64E-18
    450.70  4.39E-18
    450.80  9.05E-18
    450.90  7.11E-18
    451.00  6.70E-18
    451.10  6.50E-18
    452.80  6.23E-18
    453.70  5.88E-18
    453.80  5.46E-18
    453.90  4.86E-18
    454.00  6.08E-18
    454.10  8.77E-18
    454.20  7.18E-18
    454.40  6.79E-18
    454.80  6.54E-18
    458.50  6.11E-18
    459.40  5.77E-18
    459.80  5.89E-18
    459.90  5.27E-18
    460.10  4.49E-18
    460.30  1.47E-17
    460.50  8.42E-18
    460.70  7.47E-18
    460.90  7.11E-18
    461.00  6.92E-18
    462.10  6.58E-18
    466.60  6.28E-18
    468.50  6.60E-18
    470.30  6.58E-18
    470.70  6.70E-18
    471.10  7.28E-18
    471.50  7.03E-18
    474.10  6.43E-18
    475.00  5.83E-18
    475.50  1.11E-17
    476.00  8.06E-18
    476.50  7.57E-18
    478.00  7.30E-18
    488.90  7.26E-18
    489.00  7.08E-18
    489.10  7.55E-18
    489.60  7.27E-18
    489.80  7.74E-18
    489.90  7.25E-18
    490.70  7.29E-18
    490.90  8.07E-18
    491.00  7.47E-18
    492.20  7.31E-18
    492.60  7.43E-18
    492.70  7.62E-18
    492.80  7.27E-18
    494.80  7.36E-18
    495.30  7.25E-18
    495.40  7.43E-18
    495.50  7.68E-18
    495.60  7.23E-18
    495.70  7.34E-18
    500.50  7.46E-18
    500.60  7.70E-18
    500.80  7.42E-18
    510.10  7.70E-18
    510.40  8.00E-18
    510.70  7.66E-18
    511.40  7.69E-18
    511.70  7.94E-18
    512.00  7.94E-18
    512.40  7.57E-18
    523.40  7.91E-18
    524.80  7.84E-18
    524.90  8.51E-18
    525.00  8.01E-18
    525.60  7.88E-18
    525.80  8.50E-18
    525.90  8.03E-18
    527.00  7.94E-18
    527.10  8.67E-18
    527.20  8.07E-18
    529.00  8.33E-18
    529.10  8.68E-18
    529.20  8.12E-18
    532.10  8.03E-18
    532.20  8.51E-18
    532.30  9.38E-18
    532.40  8.38E-18
    532.60  8.16E-18
    537.80  8.17E-18
    537.90  8.53E-18
    538.10  9.84E-18
    538.20  8.72E-18
    538.40  8.45E-18
    538.60  8.35E-18
    540.00  8.27E-18
    546.30  8.48E-18
    547.60  8.93E-18
    547.90  9.31E-18
    548.20  1.03E-17
    548.50  1.22E-17
    548.90  8.61E-18
    549.20  7.93E-18
    549.60  7.92E-18
    549.90  8.07E-18
    550.30  9.51E-18
    551.00  8.56E-18
    551.80  8.39E-18
    595.00  9.32E-18
    596.30  9.50E-18
    596.70  9.95E-18
    596.80  1.30E-17
    596.90  1.08E-17
    597.00  1.05E-17
    597.10  1.15E-17
    597.20  1.09E-17
    597.40  1.01E-17
    597.50  1.17E-17
    597.70  1.44E-17
    597.80  1.50E-17
    597.90  1.21E-17
    598.00  1.13E-17
    598.10  1.17E-17
    598.20  1.22E-17
    598.30  1.19E-17
    598.40  1.08E-17
    598.50  9.45E-18
    598.60  1.27E-17
    598.70  1.24E-17
    598.90  1.15E-17
    599.30  1.06E-17
    599.60  1.03E-17
    600.30  9.87E-18
    600.40  1.12E-17
    600.50  1.05E-17
    600.60  1.02E-17
    602.40  9.77E-18
    603.30  9.82E-18
    603.40  9.84E-18
    606.30  9.81E-18
    609.20  9.77E-18
    613.20  9.93E-18
    613.80  9.90E-18
    617.00  9.91E-18
    617.50  9.77E-18
    617.70  9.92E-18
    626.00  1.01E-17
    628.50  1.03E-17
    629.90  1.03E-17
    663.30  1.09E-17
    673.30  1.13E-17
    681.80  1.14E-17
    703.70  1.18E-17
    749.70  1.28E-17
    750.10  1.16E-17
    750.20  1.08E-17
    750.30  9.65E-18
    750.40  9.04E-18
    750.50  2.15E-17
    750.60  1.53E-17
    750.70  1.39E-17
    750.80  1.32E-17
    751.70  1.18E-17
    751.90  1.09E-17
    752.00  9.75E-18
    752.10  1.00E-17
    752.20  1.11E-17
    752.30  1.97E-17
    752.40  1.50E-17
    752.50  1.40E-17
    752.70  1.32E-17
    753.90  1.18E-17
    754.30  1.10E-17
    754.40  9.87E-18
    754.50  9.14E-18
    754.60  1.05E-17
    754.70  8.35E-18
    754.80  2.59E-17
    754.90  1.76E-17
    755.00  1.51E-17
    755.20  1.41E-17
    755.50  1.33E-17
    757.30  1.19E-17
    757.80  1.11E-17
    758.00  1.04E-17
    758.20  8.99E-18
    758.30  1.07E-17
    758.40  7.22E-18
    758.50  6.27E-18
    758.60  2.78E-17
    758.70  1.93E-17
    758.80  1.68E-17
    758.90  1.56E-17
    759.00  1.50E-17
    759.20  1.42E-17
    759.80  1.33E-17
    762.10  1.23E-17
    763.30  1.14E-17
    763.80  1.05E-17
    763.90  9.87E-18
    764.10  8.99E-18
    764.20  1.17E-17
    764.40  1.01E-17
    764.50  7.71E-18
    764.70  4.65E-18
    764.90  3.04E-17
    765.00  2.01E-17
    765.20  1.72E-17
    765.30  1.59E-17
    765.50  1.52E-17
    765.90  1.44E-17
    766.90  1.35E-17
    770.90  1.25E-17
    773.20  1.17E-17
    774.00  1.08E-17
    774.20  1.02E-17
    774.50  9.22E-18
    774.80  1.16E-17
    775.10  1.05E-17
    775.40  8.37E-18
    775.70  4.66E-18
    776.00  3.35E-17
    776.30  2.16E-17
    776.60  1.80E-17
    776.90  1.65E-17
    777.30  1.57E-17
    778.30  1.45E-17
    780.00  1.39E-17
    791.20  1.25E-17
    794.10  1.18E-17
    795.30  1.09E-17
    796.00  9.91E-18
    796.60  1.10E-17
    797.30  1.12E-17
    797.90  9.47E-18
    798.60  6.35E-18
    799.30  1.81E-17
    800.00  2.55E-17
    800.70  1.97E-17
    801.50  1.77E-17
    802.20  1.66E-17
    803.00  1.60E-17
    804.50  1.53E-17
    809.70  1.45E-17
    827.10  1.40E-17
    845.40  1.33E-17
    851.00  1.25E-17
    852.90  1.19E-17
    854.90  1.07E-17
    857.00  1.20E-17
    859.20  1.17E-17
    861.40  1.03E-17
    863.60  7.63E-18
    865.90  6.72E-18
    868.40  2.95E-17
    870.80  2.25E-17
    873.40  1.99E-17
    876.00  1.86E-17
    881.60  1.75E-17
    890.60  1.68E-17
    915.70  1.64E-17
   1083.00  1.78E-17
  0
***
