       441     73.28   1240.00 C(1D)    C+           2
Cross section:
Lambda = 1.00-70. A
   Barfield, W. D., Koontz, G. D., Huebner, W. F. (1972)
   J. Quant. Spectr. Rad. Trans. 12, 1409.
LAMBDA = 73.28-1226. A
   TOPbase:  Photoionisation Cross Sections, 
   http://cdsweb.u-strasbg.fr/topbase/xsections.html.
Threshold:
Lambda = 1240.27 A
   Moore, C. E. (1970)
   Ionization Potentials and Ionization Limits Derived from the Analyses of 
   Optical Spectra, NSRDS-NBS 34.

      1.00  2.00e-23
      5.00  3.00e-21
     10.00  2.30e-20
     15.00  7.40e-20
     20.00  1.70e-19
     25.00  3.00e-19
     30.00  4.80e-19
     35.00  7.20e-19
     37.00  8.30e-19
     39.00  9.50e-19
     41.00  1.00e-18
     43.00  4.30e-20
     44.00  4.50e-20
     45.00  4.80e-20
     46.00  5.20e-20
     47.00  5.50e-20
     48.00  6.20e-20
     50.00  6.70e-20
     55.00  8.20e-20
     60.00  1.00e-19
     65.00  1.20e-19
     70.00  1.40e-19
     73.28  3.93E-20
     74.76  4.17E-20
     76.27  4.43E-20
     77.81  4.70E-20
     79.38  4.99E-20
     80.98  5.30E-20
     82.62  5.63E-20
     84.29  5.98E-20
     85.99  6.35E-20
     87.73  6.74E-20
     89.50  7.16E-20
     91.31  7.60E-20
     93.15  8.07E-20
     95.03  8.57E-20
     96.95  9.10E-20
     98.91  9.66E-20
    100.90  1.03E-19
    102.90  1.09E-19
    105.00  1.16E-19
    107.20  1.23E-19
    109.30  1.30E-19
    111.50  1.38E-19
    113.80  1.47E-19
    116.10  1.56E-19
    118.40  1.66E-19
    120.80  1.76E-19
    123.30  1.87E-19
    125.70  1.99E-19
    128.30  2.11E-19
    130.90  2.24E-19
    133.50  2.38E-19
    136.20  2.52E-19
    139.00  2.68E-19
    141.80  2.85E-19
    144.60  3.02E-19
    147.60  3.21E-19
    150.50  3.41E-19
    153.60  3.62E-19
    156.70  3.84E-19
    159.90  4.08E-19
    163.10  4.33E-19
    166.40  4.60E-19
    169.70  4.88E-19
    173.20  5.19E-19
    176.70  5.51E-19
    180.20  5.85E-19
    183.90  6.21E-19
    187.60  6.59E-19
    191.40  7.00E-19
    195.20  7.43E-19
    199.20  7.89E-19
    203.20  8.38E-19
    207.30  8.90E-19
    211.50  9.45E-19
    215.80  1.00E-18
    220.10  1.07E-18
    224.60  1.13E-18
    229.10  1.20E-18
    233.70  1.27E-18
    238.50  1.35E-18
    243.30  1.44E-18
    248.20  1.53E-18
    253.20  1.62E-18
    258.30  1.72E-18
    263.50  1.83E-18
    268.90  1.94E-18
    274.30  2.06E-18
    279.80  2.19E-18
    285.50  2.32E-18
    291.30  2.47E-18
    297.10  2.62E-18
    303.20  2.78E-18
    313.30  3.31E-18
    324.10  3.35E-18
    329.80  3.56E-18
    335.60  3.68E-18
    348.10  3.75E-18
    361.50  3.98E-18
    393.30  4.59E-18
    393.40  4.71E-18
    393.70  4.60E-18
    393.80  4.71E-18
    393.90  4.71E-18
    394.30  4.60E-18
    394.40  4.65E-18
    394.50  4.79E-18
    395.20  4.62E-18
    395.30  4.65E-18
    395.40  4.83E-18
    396.50  4.69E-18
    396.60  4.50E-18
    396.70  4.75E-18
    396.80  5.01E-18
    396.90  4.85E-18
    398.40  4.74E-18
    399.10  4.49E-18
    399.20  5.12E-18
    399.30  5.07E-18
    399.50  4.92E-18
    402.30  4.74E-18
    402.80  4.80E-18
    403.70  4.77E-18
    403.80  5.21E-18
    404.00  5.46E-18
    404.20  5.10E-18
    404.40  5.04E-18
    404.70  5.24E-18
    405.10  5.41E-18
    408.40  5.25E-18
    411.40  5.17E-18
    414.20  5.11E-18
    414.50  5.31E-18
    414.80  5.71E-18
    415.60  5.59E-18
    417.10  5.47E-18
    426.00  5.81E-18
    426.10  5.63E-18
    426.30  5.35E-18
    426.40  5.09E-18
    426.50  5.75E-18
    426.60  5.63E-18
    426.90  5.36E-18
    427.10  5.12E-18
    427.20  5.89E-18
    427.30  5.64E-18
    427.70  5.37E-18
    428.00  5.11E-18
    428.10  5.25E-18
    428.20  5.96E-18
    428.30  5.63E-18
    429.00  5.40E-18
    429.40  5.14E-18
    429.50  5.18E-18
    429.60  5.66E-18
    429.70  6.12E-18
    429.80  5.84E-18
    429.90  5.64E-18
    431.70  5.30E-18
    431.90  5.30E-18
    432.10  5.73E-18
    432.30  6.15E-18
    432.40  5.88E-18
    432.70  5.67E-18
    434.20  5.56E-18
    436.50  5.42E-18
    437.10  6.22E-18
    437.50  5.86E-18
    446.70  5.59E-18
    447.40  5.92E-18
    447.90  6.39E-18
    448.30  6.26E-18
    450.00  6.06E-18
    468.70  6.09E-18
    468.80  6.27E-18
    468.90  6.14E-18
    469.00  5.95E-18
    469.20  5.98E-18
    469.30  6.22E-18
    469.40  6.25E-18
    469.50  6.05E-18
    469.60  5.82E-18
    469.70  6.07E-18
    469.80  5.83E-18
    469.90  5.98E-18
    470.00  5.97E-18
    470.20  6.27E-18
    470.40  6.15E-18
    470.50  5.95E-18
    470.70  5.71E-18
    470.80  6.37E-18
    470.90  5.88E-18
    471.10  6.02E-18
    471.20  5.96E-18
    471.40  6.20E-18
    471.70  6.20E-18
    471.80  6.52E-18
    471.90  6.11E-18
    472.00  5.86E-18
    472.30  6.19E-18
    472.70  5.96E-18
    472.90  5.99E-18
    473.00  5.95E-18
    473.40  6.21E-18
    473.80  6.16E-18
    474.00  5.85E-18
    474.10  6.25E-18
    474.20  6.04E-18
    474.30  5.90E-18
    474.80  6.15E-18
    474.90  5.87E-18
    475.60  6.01E-18
    475.90  6.09E-18
    476.00  5.91E-18
    476.10  6.02E-18
    476.50  6.16E-18
    477.50  6.14E-18
    477.90  5.89E-18
    478.00  7.64E-18
    478.10  6.18E-18
    478.40  5.90E-18
    479.20  5.79E-18
    479.40  6.00E-18
    479.50  5.87E-18
    480.10  5.93E-18
    484.50  6.32E-18
    485.80  6.23E-18
    486.00  6.02E-18
    486.20  6.91E-18
    486.50  6.58E-18
    487.70  6.46E-18
    488.50  6.64E-18
    490.00  6.68E-18
    504.50  6.55E-18
    504.60  7.14E-18
    504.70  7.08E-18
    505.20  6.50E-18
    505.30  7.19E-18
    505.40  7.01E-18
    506.10  6.52E-18
    506.30  7.20E-18
    506.40  7.08E-18
    506.50  6.70E-18
    507.60  6.49E-18
    507.80  7.30E-18
    507.90  6.92E-18
    508.00  6.71E-18
    508.90  6.56E-18
    510.00  6.63E-18
    510.10  7.82E-18
    510.20  6.91E-18
    510.50  6.63E-18
    511.50  6.68E-18
    511.90  7.23E-18
    512.30  6.92E-18
    513.70  6.56E-18
    513.80  6.89E-18
    513.90  7.56E-18
    514.00  6.99E-18
    514.30  6.80E-18
    515.80  6.70E-18
    516.10  6.46E-18
    516.20  6.95E-18
    516.90  6.45E-18
    517.00  7.02E-18
    517.10  6.86E-18
    518.10  6.45E-18
    518.20  7.02E-18
    518.40  6.87E-18
    519.80  6.44E-18
    520.10  6.99E-18
    520.20  6.96E-18
    520.70  6.64E-18
    520.80  6.76E-18
    520.90  7.74E-18
    521.00  7.20E-18
    521.10  6.91E-18
    522.70  6.53E-18
    523.10  7.12E-18
    523.40  6.94E-18
    527.70  6.55E-18
    528.50  7.15E-18
    529.00  7.08E-18
    530.60  6.88E-18
    531.60  6.90E-18
    533.20  6.84E-18
    538.10  6.68E-18
    540.40  7.38E-18
    542.30  7.18E-18
    555.80  7.11E-18
    556.60  7.12E-18
    557.30  7.08E-18
    560.70  7.02E-18
    560.80  7.14E-18
    564.00  7.00E-18
    564.20  7.29E-18
    564.40  7.11E-18
    567.20  7.01E-18
    569.50  7.53E-18
    571.00  7.09E-18
    571.70  7.20E-18
    574.20  7.78E-18
    575.80  8.47E-18
    576.90  8.22E-18
    582.90  7.92E-18
    584.90  7.95E-18
    585.40  8.57E-18
    585.80  8.20E-18
    586.20  8.07E-18
    593.40  7.96E-18
    637.20  8.57E-18
    637.50  8.28E-18
    637.70  7.86E-18
    637.80  7.75E-18
    637.90  1.03E-17
    638.00  9.13E-18
    638.10  8.76E-18
    638.70  8.31E-18
    638.90  7.90E-18
    639.00  7.43E-18
    639.10  9.33E-18
    639.20  1.05E-17
    639.30  9.18E-18
    639.40  8.84E-18
    640.60  8.10E-18
    640.80  7.56E-18
    640.90  6.57E-18
    641.00  1.91E-17
    641.10  1.08E-17
    641.20  9.25E-18
    641.50  8.85E-18
    642.90  8.35E-18
    643.40  7.96E-18
    643.60  7.32E-18
    643.70  6.42E-18
    643.80  1.29E-17
    643.90  1.34E-17
    644.00  1.07E-17
    644.10  9.92E-18
    644.20  9.34E-18
    644.60  8.92E-18
    646.70  8.50E-18
    647.80  8.10E-18
    648.00  7.70E-18
    648.10  7.61E-18
    648.20  6.88E-18
    648.30  3.71E-18
    648.50  1.61E-18
    648.60  1.62E-17
    648.70  1.12E-17
    648.80  1.02E-17
    648.90  9.74E-18
    649.30  9.24E-18
    650.60  8.88E-18
    650.80  8.99E-18
    651.00  8.87E-18
    655.20  8.43E-18
    655.90  8.04E-18
    656.10  8.09E-18
    656.30  7.52E-18
    656.50  5.21E-18
    656.70  2.56E-18
    657.00  3.47E-17
    657.20  1.27E-17
    657.40  1.07E-17
    657.70  1.01E-17
    657.90  9.79E-18
    658.40  9.48E-18
    660.60  9.15E-18
    661.40  8.97E-18
    661.70  9.14E-18
    668.10  9.02E-18
    672.10  8.74E-18
    672.60  9.23E-18
    673.10  8.66E-18
    673.60  7.42E-18
    674.10  3.86E-18
    674.60  2.82E-18
    675.20  2.98E-17
    675.70  1.29E-17
    676.30  1.11E-17
    676.90  1.05E-17
    678.00  1.00E-17
    680.50  9.77E-18
    694.00  9.83E-18
    714.30  1.05E-17
    715.80  1.09E-17
    717.30  1.89E-17
    718.90  1.21E-17
    722.30  1.12E-17
    724.00  7.74E-18
    725.80  5.36E-18
    727.70  5.35E-18
    729.60  3.77E-18
    731.60  3.02E-17
    733.60  1.38E-17
    735.80  1.20E-17
    737.90  1.14E-17
    742.50  1.11E-17
    758.40  1.12E-17
    811.80  1.27E-17
    853.30  1.45E-17
    873.70  1.61E-17
    884.80  1.79E-17
    891.50  2.00E-17
    896.50  2.27E-17
    900.50  2.65E-17
    903.40  3.07E-17
    906.40  3.72E-17
    907.90  4.17E-17
    909.50  4.72E-17
    914.60  6.78E-17
    916.30  7.29E-17
    918.10  7.48E-17
    920.00  7.29E-17
    921.90  6.82E-17
    925.80  5.58E-17
    930.00  4.56E-17
    932.20  4.17E-17
    936.80  3.62E-17
    941.60  3.27E-17
    949.30  2.98E-17
    957.90  2.86E-17
    970.50  2.85E-17
    988.90  3.04E-17
   1011.00  3.50E-17
   1043.00  4.47E-17
   1056.00  4.66E-17
   1063.00  4.61E-17
   1070.00  4.42E-17
   1078.00  4.09E-17
   1102.00  2.69E-17
   1111.00  2.29E-17
   1121.00  1.97E-17
   1130.00  1.72E-17
   1141.00  1.55E-17
   1152.00  1.42E-17
   1164.00  1.34E-17
   1189.00  1.25E-17
   1226.00  1.24E-17
  0
***
