       361      1.00   2431.80 tCO      Total
tCO is equivalent to CO(a^3Pi)

      1.00  2.00E-22
      2.00  2.00E-21
      4.01  7.00E-21
      7.53  5.00E-20
     12.58  2.00E-19
     19.18  4.00E-19
     27.25  1.00E-18
     36.64  7.00E-20
     52.81  2.00E-19
     75.13  4.00E-19
     93.66  1.10E-18
    104.53  1.43E-18
    115.51  1.78E-18
    126.60  2.18E-18
    137.81  2.58E-18
    149.24  3.00E-18
    160.80  3.45E-18
    172.24  3.88E-18
    183.92  4.42E-18
    195.72  4.96E-18
    207.64  5.50E-18
    219.69  6.20E-18
    231.87  6.82E-18
    244.18  7.51E-18
    256.75  8.20E-18
    269.32  8.90E-18
    282.04  9.55E-18
    294.76  1.00E-17
    307.89  1.05E-17
    321.03  1.08E-17
    334.31  1.12E-17
    347.74  1.16E-17
    361.33  1.21E-17
    391.22  1.29E-17
    403.01  1.32E-17
    423.30  1.36E-17
    440.25  1.40E-17
    457.58  1.46E-17
    467.61  1.49E-17
    480.61  1.55E-17
    504.21  1.65E-17
    511.34  1.68E-17
    520.55  1.73E-17
    553.56  1.88E-17
    562.42  1.92E-17
    570.21  1.94E-17
    574.61  1.96E-17
    587.41  2.00E-17
    590.38  2.01E-17
    594.85  2.02E-17
    600.49  2.04E-17
    610.69  2.06E-17
    617.08  2.07E-17
    624.01  2.08E-17
    636.26  2.09E-17
    645.01  2.09E-17
    652.26  2.10E-17
    659.72  2.10E-17
    674.23  2.10E-17
    683.93  2.11E-17
    693.53  2.12E-17
    706.25  2.13E-17
    728.01  2.16E-17
    739.38  2.17E-17
    747.14  2.19E-17
    751.78  2.19E-17
    759.43  2.20E-17
    765.04  2.20E-17
    776.35  2.21E-17
    814.30  2.26E-17
    825.41  1.80E-17
    840.76  2.22E-17
    844.32  2.29E-17
    845.12  1.84E-17
    861.88  2.27E-17
    865.09  2.17E-17
    866.70  2.17E-17
    875.18  1.70E-17
    879.24  2.27E-17
    885.34  1.82E-17
    894.75  2.27E-17
    895.78  2.26E-17
    897.42  2.21E-17
    899.69  1.70E-17
    905.25  2.21E-17
    905.87  1.86E-17
    923.55  2.32E-17
    924.60  2.49E-17
    929.21  2.63E-17
    931.74  2.20E-17
    933.00  1.88E-17
    938.48  2.59E-17
    942.50  2.52E-17
    947.81  1.84E-17
    955.27  2.45E-17
    957.19  2.71E-17
    958.48  2.01E-17
    960.62  1.96E-17
    964.49  2.43E-17
    969.22  1.84E-17
    977.22  2.85E-17
    979.39  2.57E-17
    986.57  2.05E-17
    992.04  3.61E-17
    995.76  3.62E-17
   1001.92  2.14E-17
   1004.12  1.89E-17
   1012.97  1.98E-17
   1015.20  3.18E-17
   1018.98  3.19E-17
   1028.59  2.14E-17
   1037.58  2.81E-17
   1040.97  2.12E-17
   1058.01  2.27E-17
   1069.47  2.53E-17
   1072.92  2.18E-17
   1076.39  2.37E-17
   1081.02  2.25E-17
   1085.66  2.68E-17
   1089.15  2.37E-17
   1096.16  3.09E-17
   1097.33  2.34E-17
   1102.02  2.52E-17
   1106.73  3.27E-17
   1111.45  2.64E-17
   1113.81  3.01E-17
   1118.31  4.92E-17
   1120.93  2.68E-17
   1122.12  2.83E-17
   1126.88  2.57E-17
   1128.55  2.14E-17
   1132.86  2.81E-17
   1134.06  2.71E-17
   1135.73  3.16E-17
   1137.65  3.03E-17
   1145.60  2.41E-17
   1148.02  2.14E-17
   1150.92  2.49E-17
   1153.10  2.16E-17
   1155.77  3.20E-17
   1163.08  2.05E-17
   1164.79  2.16E-17
   1167.23  1.99E-17
   1169.68  3.27E-17
   1172.38  2.19E-17
   1174.59  3.16E-17
   1175.33  2.82E-17
   1176.31  2.83E-17
   1179.51  2.04E-17
   1181.49  2.23E-17
   1183.96  2.10E-17
   1187.67  2.00E-17
   1189.41  3.35E-17
   1191.64  2.86E-17
   1194.37  3.23E-17
   1197.61  2.76E-17
   1198.11  2.30E-17
   1198.86  2.68E-17
   1199.86  2.69E-17
   1202.11  1.60E-17
   1202.36  1.70E-17
   1203.11  1.71E-17
   1204.11  1.39E-17
   1206.36  1.54E-17
   1208.87  2.42E-17
   1209.62  2.34E-17
   1210.88  3.48E-17
   1211.63  4.24E-17
   1212.39  4.59E-17
   1214.15  2.04E-17
   1217.68  2.79E-17
   1218.94  2.80E-17
   1220.20  2.60E-17
   1220.96  2.62E-17
   1226.53  1.43E-17
   1229.33  2.12E-17
   1230.60  1.79E-17
   1232.89  3.47E-17
   1234.42  2.68E-17
   1235.18  2.91E-17
   1237.23  2.35E-17
   1237.99  2.52E-17
   1238.25  2.76E-17
   1239.78  3.07E-17
   1242.85  1.86E-17
   1246.96  1.19E-17
   1250.82  3.13E-17
   1252.11  3.90E-17
   1253.39  1.66E-17
   1256.49  3.87E-17
   1257.53  3.69E-17
   1259.34  3.75E-17
   1263.48  1.82E-17
   1265.04  2.10E-17
   1267.90  1.25E-17
   1272.07  1.61E-17
   1275.46  5.22E-17
   1278.60  2.01E-17
   1279.65  2.42E-17
   1282.01  3.72E-17
   1286.47  1.56E-17
   1288.58  2.04E-17
   1291.48  1.42E-17
   1292.80  1.65E-17
   1293.85  1.71E-17
   1295.97  5.21E-17
   1297.29  4.66E-17
   1299.15  5.62E-17
   1301.80  2.50E-17
   1303.66  2.29E-17
   1306.32  2.50E-17
   1312.45  1.55E-17
   1317.00  1.95E-17
   1318.61  3.44E-17
   1321.02  2.79E-17
   1323.44  7.56E-17
   1327.21  2.46E-17
   1331.79  1.79E-17
   1333.96  2.11E-17
   1339.38  1.30E-17
   1343.18  4.28E-17
   1348.63  2.08E-17
   1350.27  2.23E-17
   1353.00  5.77E-17
   1354.37  2.57E-17
   1357.93  2.46E-17
   1361.23  1.69E-17
   1362.60  1.88E-17
   1366.74  1.38E-17
   1370.88  3.24E-17
   1373.37  2.27E-17
   1376.14  2.76E-17
   1377.80  2.39E-17
   1380.02  3.63E-17
   1383.36  1.57E-17
   1385.87  2.12E-17
   1388.38  1.71E-17
   1392.86  2.16E-17
   1395.94  1.60E-17
   1396.50  1.81E-17
   1398.75  1.90E-17
   1400.71  1.86E-17
   1403.53  3.38E-17
   1410.02  2.38E-17
   1414.27  1.34E-17
   1417.67  1.71E-17
   1422.79  1.49E-17
   1425.64  2.44E-17
   1428.50  1.75E-17
   1430.50  2.15E-17
   1432.22  2.20E-17
   1433.65  1.90E-17
   1437.09  3.13E-17
   1438.53  2.98E-17
   1439.97  2.73E-17
   1445.73  2.84E-17
   1448.33  2.61E-17
   1449.49  2.61E-17
   1450.64  2.57E-17
   1453.25  2.53E-17
   1454.99  2.72E-17
   1460.80  2.09E-17
   1463.72  2.70E-17
   1466.05  2.09E-17
   1466.93  2.01E-17
   1468.97  1.86E-17
   1471.90  2.53E-17
   1472.49  2.57E-17
   1475.42  3.43E-17
   1480.71  3.05E-17
   1482.18  3.54E-17
   1485.43  3.20E-17
   1488.08  3.79E-17
   1491.04  4.09E-17
   1492.52  4.25E-17
   1494.60  3.58E-17
   1498.46  2.64E-17
   1501.44  4.17E-17
   1503.52  3.63E-17
   1505.91  5.02E-17
   1508.30  2.66E-17
   1511.89  2.36E-17
   1513.39  2.44E-17
   1516.39  2.24E-17
   1519.40  2.62E-17
   1522.41  2.53E-17
   1523.91  3.91E-17
   1526.33  3.39E-17
   1531.47  4.47E-17
   1534.20  4.46E-17
   1535.11  5.69E-17
   1543.63  2.67E-17
   1545.15  3.35E-17
   1547.29  2.34E-17
   1552.80  2.77E-17
   1558.94  6.44E-17
   1562.01  5.92E-17
   1562.94  6.59E-17
   1571.28  2.29E-17
   1574.38  3.83E-17
   1577.48  2.90E-17
   1582.77  8.56E-17
   1589.32  2.27E-17
   1590.58  1.54E-17
   1593.71  3.76E-17
   1597.16  2.38E-17
   1599.36  3.24E-17
   1603.13  3.52E-17
   1606.29  2.21E-17
   1608.81  7.15E-17
   1611.34  3.46E-17
   1612.61  4.39E-17
   1615.46  3.72E-17
   1619.27  5.65E-17
   1620.86  5.51E-17
   1621.82  6.44E-17
   1625.64  1.71E-17
   1631.71  2.87E-17
   1635.87  6.44E-17
   1640.69  1.86E-17
   1642.62  4.35E-17
   1645.52  1.49E-17
   1648.75  6.62E-17
   1660.73  1.71E-17
   1663.33  6.17E-18
   1664.96  2.73E-17
   1666.92  2.49E-17
   1668.22  2.85E-17
   1668.87  1.37E-17
   1670.51  3.63E-17
   1670.83  9.40E-18
   1672.47  3.46E-17
   1680.33  1.25E-17
   1686.26  2.00E-17
   1691.20  3.35E-17
   1706.13  2.15E-17
   1709.13  2.92E-17
   1713.80  1.56E-17
   1736.34  1.20E-17
   1747.19  1.67E-17
   1750.60  3.50E-17
   1751.96  3.70E-17
   1768.75  5.58E-18
   1788.46  4.91E-18
   1794.73  2.79E-17
   1801.72  4.09E-18
   1808.73  2.94E-17
   1814.01  1.09E-17
   1830.64  3.54E-18
   1835.26  3.52E-18
   1851.35  2.80E-19
   1853.15  2.57E-17
   1858.55  2.03E-17
   1873.02  4.47E-18
   1897.86  2.45E-18
   1904.12  1.20E-18
   1920.04  2.03E-18
   2034.39  1.50E-20
   2081.75  1.50E-20
   2083.36  1.00E-35
   2431.80  1.00E-35
  3
       232      0.00   1549.10 tCO      CO+      17  2
tCO is equivalent to CO(a^3Pi)
Branching ratio assumed to be the same as that for the ground state.

      1.00  0.00E 00
    356.27  8.63E-01
    464.30  8.98E-01
    503.93  9.26E-01
    569.02  9.35E-01
    592.01  9.41E-01
    642.65  9.56E-01
    674.32  9.65E-01
    705.66  9.59E-01
    725.98  9.67E-01
    756.09  9.62E-01
    815.20  9.67E-01
    845.29  9.69E-01
    846.08  9.09E-01
    862.88  9.78E-01
    866.11  9.23E-01
    880.29  9.69E-01
    886.41  9.29E-01
    895.84  9.78E-01
    896.87  9.78E-01
    898.52  9.82E-01
    906.37  9.82E-01
    906.99  9.00E-01
    924.71  7.28E-01
    925.76  6.86E-01
    930.39  6.90E-01
    932.91  7.97E-01
    934.18  9.40E-01
    939.68  6.62E-01
    943.71  7.34E-01
    949.03  9.09E-01
    956.51  7.42E-01
    958.44  6.16E-01
    959.72  8.52E-01
    961.87  8.48E-01
    965.75  6.94E-01
    970.50  9.09E-01
    978.52  6.74E-01
    980.69  6.89E-01
    987.89  8.00E-01
    993.37  5.40E-01
    997.11  5.00E-01
   1003.28  6.53E-01
   1005.49  8.82E-01
   1014.37  8.30E-01
   1016.59  5.31E-01
   1020.39  5.67E-01
   1030.02  7.48E-01
   1039.04  6.83E-01
   1042.44  7.72E-01
   1059.52  6.64E-01
   1071.02  6.91E-01
   1074.49  7.95E-01
   1077.96  7.56E-01
   1082.60  7.28E-01
   1087.26  6.80E-01
   1090.76  7.48E-01
   1097.79  7.05E-01
   1098.96  7.94E-01
   1103.67  7.63E-01
   1108.39  6.48E-01
   1113.12  5.91E-01
   1115.49  5.61E-01
   1120.01  6.32E-01
   1122.63  5.49E-01
   1123.83  5.27E-01
   1128.60  5.88E-01
   1130.28  6.53E-01
   1134.60  5.44E-01
   1135.80  5.28E-01
   1137.49  5.00E-01
   1139.41  5.28E-01
   1147.38  5.85E-01
   1149.81  5.74E-01
   1152.72  5.82E-01
   1154.91  5.94E-01
   1157.59  4.41E-01
   1164.92  5.27E-01
   1166.63  5.19E-01
   1169.08  5.42E-01
   1171.54  4.89E-01
   1174.25  5.25E-01
   1176.46  4.53E-01
   1177.20  4.54E-01
   1178.19  4.81E-01
   1181.40  4.90E-01
   1183.38  6.00E-01
   1185.86  4.43E-01
   1189.59  5.61E-01
   1191.33  4.60E-01
   1193.57  4.16E-01
   1196.31  3.96E-01
   1199.56  3.99E-01
   1200.06  5.71E-01
   1200.81  4.78E-01
   1201.81  6.50E-01
   1204.07  5.58E-01
   1204.32  6.40E-01
   1205.07  5.33E-01
   1206.08  7.49E-01
   1208.34  6.12E-01
   1210.85  3.77E-01
   1211.61  6.80E-01
   1212.87  3.10E-01
   1213.63  3.73E-01
   1214.38  5.58E-01
   1216.15  5.10E-01
   1219.69  4.27E-01
   1220.96  4.07E-01
   1222.23  4.08E-01
   1222.99  4.47E-01
   1228.58  7.27E-01
   1231.38  5.43E-01
   1232.66  6.37E-01
   1234.95  4.41E-01
   1236.49  4.66E-01
   1237.26  4.36E-01
   1239.31  4.68E-01
   1240.07  5.60E-01
   1240.33  4.06E-01
   1241.87  3.52E-01
   1244.95  6.71E-01
   1249.07  7.03E-01
   1252.94  6.91E-01
   1254.23  6.69E-01
   1255.53  6.52E-01
   1258.64  4.52E-01
   1259.67  3.69E-01
   1261.49  3.76E-01
   1265.65  5.41E-01
   1267.21  5.48E-01
   1270.08  6.86E-01
   1274.26  6.70E-01
   1277.67  3.72E-01
   1280.82  7.40E-01
   1281.87  6.00E-01
   1284.24  4.25E-01
   1288.72  5.71E-01
   1290.83  4.90E-01
   1293.74  6.84E-01
   1295.07  6.17E-01
   1296.13  5.97E-01
   1298.25  4.97E-01
   1299.58  3.84E-01
   1301.44  2.51E-01
   1304.10  6.12E-01
   1305.97  6.42E-01
   1308.64  5.00E-01
   1314.79  7.36E-01
   1319.35  5.33E-01
   1320.97  4.19E-01
   1323.39  5.13E-01
   1325.82  3.20E-01
   1329.60  5.69E-01
   1334.20  6.26E-01
   1336.37  5.41E-01
   1341.81  8.29E-01
   1345.63  5.28E-01
   1351.10  6.78E-01
   1352.74  5.91E-01
   1355.49  2.58E-01
   1356.86  5.64E-01
   1360.44  7.35E-01
   1363.75  7.03E-01
   1365.13  6.74E-01
   1369.27  9.19E-01
   1373.43  4.48E-01
   1375.93  6.64E-01
   1378.71  7.03E-01
   1380.38  8.05E-01
   1382.61  5.54E-01
   1385.96  8.93E-01
   1388.48  6.84E-01
   1391.00  7.49E-01
   1395.49  8.19E-01
   1398.59  9.30E-01
   1399.15  8.80E-01
   1401.40  9.20E-01
   1403.38  9.43E-01
   1406.20  7.36E-01
   1412.72  8.75E-01
   1416.98  9.86E-01
   1420.40  8.07E-01
   1425.54  8.88E-01
   1428.40  8.70E-01
   1431.27  9.36E-01
   1433.28  9.04E-01
   1435.00  9.32E-01
   1436.44  9.70E-01
   1439.90  8.34E-01
   1441.34  7.56E-01
   1442.78  8.23E-01
   1448.57  6.41E-01
   1451.18  6.72E-01
   1452.34  6.79E-01
   1453.50  6.81E-01
   1456.12  7.28E-01
   1457.87  7.54E-01
   1463.70  6.52E-01
   1466.63  7.45E-01
   1468.97  8.66E-01
   1469.85  9.07E-01
   1471.90  8.86E-01
   1474.84  7.50E-01
   1475.43  6.38E-01
   1478.38  7.99E-01
   1483.69  5.67E-01
   1485.17  6.16E-01
   1488.42  6.50E-01
   1491.09  5.20E-01
   1494.06  5.77E-01
   1495.55  5.44E-01
   1497.63  6.93E-01
   1501.51  6.21E-01
   1504.50  7.36E-01
   1506.59  7.38E-01
   1508.99  6.67E-01
   1511.39  7.13E-01
   1515.00  5.98E-01
   1516.50  6.52E-01
   1519.51  8.04E-01
   1522.53  5.99E-01
   1525.56  5.06E-01
   1527.07  5.52E-01
   1529.49  5.10E-01
   1534.66  7.16E-01
   1537.40  5.92E-01
   1538.31  5.55E-01
   1546.86  5.66E-01
   1548.40  7.78E-01
   1549.20  0.00E-00
   2431.80  0.00E-00
        11      0.00    758.30 tCO      C+O      10 40
tCO is equivalent to CO(a^3Pi)
Branching ratio assumed to be the same as that for the ground state.

      1.00  5.00E-01
    356.54  3.91E-02
    464.30  3.79E-02
    503.93  2.77E-02
    569.02  2.80E-02
    592.01  2.62E-02
    642.65  1.86E-02
    725.98  8.80E-03
    758.30  9.69E-04
    758.40  0.00E 00
   2431.80  0.00E 00
        10      0.00    662.70 tCO      O+C      11 40
tCO is equivalent to CO(a^3Pi)
Branching ratio assumed to be the same as that for the ground state.

      1.00  5.00E-01
    356.54  2.79E-02
    464.30  1.23E-02
    503.93  1.91E-03
    569.02  1.93E-03
    592.01  1.94E-03
    642.65  1.95E-03
    662.70  9.69E-04
    662.80  0.00E 00
   2431.80  0.99E 00
         0      0.00   2431.80 tCO      C/O      15 26
***
