       429      0.10   711.62 F(3)     F+           2
Cross section:
Lambda = 0.10-30. A
   Verner, D. A.
Lambda = 37.48-2969. A
   TOPbase:  Photoionisation Cross Sections, 
   http://cdsweb.u-strasbg.fr/topbase/xsections.html.
Threshold:
Lambda = 711.62 A
   Liden, K. (1949) 
   Ark. Fys. 1, 229-267.
   Edlén, E., Ölme, A., Herzberg, G., Johns, J. W. C. (1969) 
   J. Opt. Soc. Am. 60, 889-891.
    
      0.10  9.30E-26
     10.00  1.03E-19
     17.86  4.02E-19
     17.87  2.44E-20
     20.00  3.35E-20
     30.00  1.00E-19
     37.48  1.61E-22
     38.24  1.71E-22
     39.01  1.82E-22
     39.80  1.93E-22
     40.61  2.05E-22
     41.43  2.18E-22
     42.26  2.31E-22
     43.12  2.46E-22
     43.99  2.61E-22
     44.88  2.77E-22
     45.78  2.94E-22
     46.71  3.12E-22
     47.65  3.32E-22
     48.62  3.52E-22
     49.60  3.74E-22
     50.60  3.97E-22
     51.62  4.22E-22
     52.66  4.48E-22
     53.73  4.75E-22
     54.81  5.05E-22
     55.92  5.36E-22
     57.05  5.69E-22
     58.20  6.04E-22
     59.38  6.42E-22
     60.58  6.81E-22
     61.80  7.24E-22
     63.05  7.68E-22
     64.32  8.16E-22
     65.62  8.66E-22
     66.95  9.20E-22
     68.30  9.77E-22
     69.68  1.04E-21
     71.09  1.10E-21
     72.53  1.17E-21
     73.99  1.24E-21
     75.48  1.32E-21
     77.01  1.40E-21
     78.57  1.49E-21
     80.15  1.58E-21
     81.77  1.68E-21
     83.42  1.78E-21
     85.11  1.89E-21
     86.83  2.01E-21
     88.58  2.13E-21
     90.37  2.26E-21
     92.20  2.40E-21
     94.06  2.55E-21
     95.96  2.71E-21
     97.90  2.88E-21
     99.88  3.05E-21
    101.90  3.24E-21
    104.00  3.44E-21
    106.10  3.66E-21
    108.20  3.88E-21
    110.40  4.12E-21
    112.60  4.38E-21
    114.90  4.65E-21
    117.20  4.93E-21
    119.60  5.24E-21
    122.00  5.56E-21
    124.50  5.91E-21
    127.00  6.27E-21
    129.50  6.66E-21
    132.10  7.07E-21
    134.80  7.51E-21
    137.50  7.98E-21
    140.30  8.47E-21
    143.20  8.99E-21
    146.00  9.55E-21
    149.00  1.01E-20
    152.00  1.08E-20
    155.10  1.14E-20
    158.20  1.21E-20
    161.40  1.29E-20
    164.70  1.37E-20
    168.00  1.45E-20
    171.40  1.54E-20
    184.20  1.71E-20
    226.90  2.36E-20
    227.10  2.37E-20
    227.30  2.39E-20
    227.60  2.27E-20
    227.70  2.45E-20
    228.30  2.45E-20
    229.40  2.39E-20
    229.50  2.41E-20
    231.80  2.56E-20
    231.90  2.35E-20
    236.50  2.39E-20
    238.40  2.48E-20
    238.50  2.90E-20
    238.60  2.46E-20
    238.70  2.44E-20
    274.70  2.94E-20
    295.90  3.26E-20
    366.10  4.38E-20
    366.20  4.12E-20
    366.50  4.30E-20
    366.60  4.09E-20
    366.90  4.38E-20
    367.00  4.33E-20
    367.10  4.12E-20
    367.60  4.39E-20
    367.70  4.35E-20
    367.80  4.11E-20
    367.90  4.27E-20
    368.70  4.42E-20
    369.00  4.31E-20
    369.10  4.25E-20
    369.20  4.59E-20
    370.50  4.44E-20
    371.00  4.34E-20
    371.10  4.07E-20
    371.20  4.32E-20
    371.30  4.63E-20
    374.20  4.48E-20
    375.00  4.27E-20
    375.10  3.95E-20
    375.20  4.02E-20
    375.30  4.91E-20
    375.50  4.71E-20
    379.40  4.62E-20
    383.80  4.54E-20
    384.40  4.22E-20
    384.50  3.89E-20
    384.70  3.89E-20
    384.80  5.04E-20
    385.50  4.91E-20
    393.30  4.88E-20
    393.60  4.89E-20
    415.50  5.07E-20
    417.50  4.69E-20
    418.20  4.23E-20
    419.60  5.79E-20
    424.20  5.63E-20
    465.10  6.50E-20
    501.10  7.88E-20
    503.90  8.30E-20
    504.00  7.88E-20
    504.50  8.25E-20
    504.60  9.37E-20
    504.70  7.22E-20
    505.40  8.30E-20
    505.50  8.78E-20
    505.60  8.70E-20
    505.70  7.27E-20
    506.70  8.36E-20
    506.80  8.38E-20
    507.00  9.02E-20
    507.10  8.22E-20
    507.30  7.73E-20
    508.70  8.48E-20
    508.90  8.50E-20
    509.20  9.22E-20
    509.30  1.01E-19
    509.40  7.23E-20
    509.70  7.84E-20
    512.00  8.68E-20
    512.30  9.16E-20
    512.40  8.49E-20
    512.50  8.88E-20
    513.00  9.79E-20
    513.20  1.07E-19
    513.30  7.42E-20
    513.40  7.33E-20
    513.90  8.09E-20
    518.00  9.13E-20
    518.90  9.73E-20
    519.00  8.65E-20
    519.10  9.30E-20
    519.80  9.92E-20
    520.30  1.10E-19
    520.60  1.29E-19
    520.70  1.18E-19
    520.80  8.58E-20
    520.90  7.30E-20
    521.00  7.28E-20
    521.20  7.73E-20
    522.00  8.56E-20
    532.70  1.11E-19
    533.40  1.18E-19
    533.70  1.17E-19
    533.90  1.03E-19
    534.10  1.12E-19
    534.80  1.17E-19
    536.60  1.34E-19
    537.40  1.56E-19
    538.00  1.86E-19
    538.30  1.88E-19
    538.50  1.32E-19
    538.80  8.42E-20
    539.10  7.59E-20
    540.00  8.82E-20
    541.60  1.02E-19
    552.50  1.45E-19
    560.80  1.91E-19
    567.20  2.50E-19
    572.30  3.27E-19
    576.40  4.24E-19
    579.90  5.55E-19
    582.70  7.12E-19
    585.60  9.68E-19
    587.70  1.24E-18
    589.80  1.67E-18
    590.90  1.99E-18
    592.00  2.41E-18
    593.20  2.98E-18
    594.40  3.80E-18
    595.60  5.03E-18
    596.80  6.98E-18
    598.00  1.03E-17
    599.30  1.64E-17
    600.60  2.86E-17
    601.90  5.21E-17
    603.30  7.03E-17
    606.10  2.67E-17
    607.50  1.52E-17
    609.00  9.48E-18
    610.50  6.39E-18
    612.00  4.58E-18
    613.60  3.43E-18
    615.20  2.67E-18
    616.80  2.13E-18
    618.50  1.75E-18
    620.20  1.46E-18
    622.00  1.24E-18
    625.70  9.31E-19
    629.50  7.31E-19
    633.50  5.94E-19
    640.00  4.59E-19
    646.90  3.72E-19
    657.10  2.98E-19
    671.50  2.43E-19
    692.00  2.06E-19
    730.80  1.80E-19
    799.50  1.74E-19
    956.00  1.95E-19
   1275.00  2.48E-19
   1278.00  3.86E-19
   1279.00  2.52E-19
   1283.00  2.31E-19
   1284.00  3.85E-19
   1291.00  2.36E-19
   1292.00  4.20E-19
   1293.00  2.55E-19
   1302.00  2.39E-19
   1304.00  4.03E-19
   1305.00  2.65E-19
   1324.00  3.27E-19
   1325.00  4.38E-19
   1326.00  2.79E-19
   1327.00  2.60E-19
   1362.00  2.50E-19
   1363.00  7.08E-19
   1364.00  3.95E-19
   1365.00  3.04E-19
   1366.00  2.81E-19
   1370.00  2.66E-19
   1448.00  2.59E-19
   1450.00  2.84E-19
   1451.00  5.38E-19
   1452.00  8.40E-19
   1454.00  4.16E-19
   1455.00  3.40E-19
   1457.00  3.14E-19
   1458.00  3.01E-19
   1467.00  2.82E-19
   1731.00  2.92E-19
   1749.00  3.03E-19
   1755.00  3.57E-19
   1761.00  9.75E-19
   1768.00  8.45E-19
   1774.00  4.70E-19
   1781.00  3.93E-19
   1788.00  3.65E-19
   1795.00  3.51E-19
   1839.00  2.15E-19
   1840.00  1.38E-19
   1841.00  1.38E-19
   1842.00  1.56E-19
   1843.00  1.84E-19
   1844.00  2.88E-19
   1845.00  1.20E-18
   1846.00  6.04E-19
   1847.00  1.97E-19
   1848.00  1.54E-19
   1849.00  1.38E-19
   1850.00  1.37E-19
   1852.00  1.55E-19
   1854.00  2.05E-19
   1855.00  3.19E-19
   1856.00  8.55E-19
   1857.00  1.42E-18
   1858.00  3.91E-19
   1859.00  1.93E-19
   1860.00  1.52E-19
   1861.00  1.37E-19
   1864.00  1.37E-19
   1867.00  1.56E-19
   1869.00  1.86E-19
   1870.00  2.27E-19
   1871.00  3.19E-19
   1872.00  6.31E-19
   1873.00  1.61E-18
   1874.00  1.20E-18
   1875.00  4.52E-19
   1876.00  2.47E-19
   1877.00  1.73E-19
   1878.00  1.52E-19
   1879.00  1.44E-19
   1880.00  1.34E-19
   1884.00  1.36E-19
   1889.00  1.57E-19
   1892.00  1.89E-19
   1894.00  2.30E-19
   1895.00  2.83E-19
   1896.00  3.97E-19
   1897.00  6.20E-19
   1898.00  8.91E-19
   1899.00  1.85E-18
   1900.00  1.96E-18
   1901.00  7.90E-19
   1902.00  4.07E-19
   1903.00  2.63E-19
   1904.00  1.97E-19
   1905.00  1.67E-19
   1907.00  1.60E-19
   1908.00  1.39E-19
   1911.00  1.31E-19
   1919.00  1.39E-19
   1926.00  1.64E-19
   1931.00  1.97E-19
   1934.00  2.45E-19
   1936.00  3.07E-19
   1937.00  3.95E-19
   1939.00  4.94E-19
   1940.00  7.24E-19
   1941.00  1.07E-18
   1942.00  1.66E-18
   1943.00  2.10E-18
   1944.00  1.95E-18
   1945.00  1.08E-18
   1946.00  8.16E-19
   1947.00  5.62E-19
   1948.00  3.70E-19
   1949.00  2.88E-19
   1950.00  2.26E-19
   1952.00  1.89E-19
   1953.00  1.58E-19
   1957.00  1.30E-19
   1958.00  1.32E-19
   1964.00  1.26E-19
   1979.00  1.38E-19
   1993.00  1.66E-19
   2002.00  2.03E-19
   2008.00  2.53E-19
   2012.00  3.17E-19
   2015.00  4.04E-19
   2017.00  5.01E-19
   2020.00  6.59E-19
   2021.00  7.78E-19
   2022.00  9.38E-19
   2023.00  1.15E-18
   2025.00  1.74E-18
   2027.00  2.19E-18
   2028.00  2.29E-18
   2029.00  2.09E-18
   2031.00  1.25E-18
   2033.00  9.22E-19
   2034.00  6.88E-19
   2035.00  5.27E-19
   2036.00  4.16E-19
   2038.00  3.39E-19
   2039.00  2.83E-19
   2040.00  2.43E-19
   2043.00  1.91E-19
   2046.00  1.61E-19
   2050.00  1.37E-19
   2055.00  1.22E-19
   2057.00  1.24E-19
   2060.00  1.17E-19
   2075.00  1.17E-19
   2111.00  1.40E-19
   2140.00  1.76E-19
   2162.00  2.24E-19
   2177.00  2.89E-19
   2188.00  3.71E-19
   2196.00  4.81E-19
   2202.00  6.02E-19
   2208.00  8.01E-19
   2211.00  9.49E-19
   2214.00  1.15E-18
   2217.00  1.42E-18
   2221.00  1.76E-18
   2224.00  2.41E-18
   2227.00  2.62E-18
   2230.00  2.69E-18
   2234.00  2.34E-18
   2240.00  1.26E-18
   2244.00  8.88E-19
   2247.00  6.34E-19
   2251.00  4.66E-19
   2254.00  3.53E-19
   2258.00  2.76E-19
   2262.00  2.22E-19
   2265.00  1.84E-19
   2269.00  1.57E-19
   2277.00  1.22E-19
   2285.00  1.03E-19
   2297.00  9.01E-20
   2314.00  8.52E-20
   2351.00  9.20E-20
   2440.00  1.28E-19
   2531.00  1.79E-19
   2616.00  2.49E-19
   2686.00  3.33E-19
   2755.00  4.58E-19
   2806.00  5.98E-19
   2847.00  7.64E-19
   2891.00  1.03E-18
   2921.00  1.32E-18
   2953.00  1.77E-18
   2969.00  2.11E-18
  0
***
