       437      0.10    910.44 O(3P)    O+           2
Cross section:
Lambda = 0.1-40.00 A
   Verner, D. A., 
Lambda = 48.80-915.30 A
   TOPbase:  Photoionisation Cross Sections, 
   http://cdsweb.u-strasbg.fr/topbase/xsections.html.
Threshold:
Lambda = 910.44 ?
   Eriksson, K. B. S., Isberg, H. B. S., (1968)
   Ark. Fys. 37, 221.
 
      0.10  5.03E-26
     10.00  6.88E-20
     20.00  3.89E-19
     23.05  5.27E-19
     23.06  2.80E-20
     30.00  5.77E-20
     40.00  1.24E-19
     48.80  5.24E-20
     49.78  5.56E-20
     50.79  5.91E-20
     51.81  6.27E-20
     52.86  6.66E-20
     53.93  7.07E-20
     55.02  7.51E-20
     56.13  7.97E-20
     57.26  8.46E-20
     58.42  8.99E-20
     59.60  9.54E-20
     60.80  1.01E-19
     62.03  1.08E-19
     63.28  1.14E-19
     64.56  1.21E-19
     65.87  1.29E-19
     67.20  1.37E-19
     68.56  1.45E-19
     69.94  1.54E-19
     71.35  1.64E-19
     72.80  1.74E-19
     74.27  1.85E-19
     75.77  1.96E-19
     77.30  2.08E-19
     78.86  2.21E-19
     80.45  2.35E-19
     82.08  2.49E-19
     83.73  2.65E-19
     85.43  2.81E-19
     87.15  2.98E-19
     88.91  3.17E-19
     90.71  3.36E-19
     92.54  3.57E-19
     94.41  3.79E-19
     96.32  4.03E-19
     98.26  4.28E-19
    100.20  4.54E-19
    102.30  4.82E-19
    104.30  5.12E-19
    106.40  5.44E-19
    108.60  5.77E-19
    110.80  6.13E-19
    113.00  6.51E-19
    115.30  6.91E-19
    117.60  7.34E-19
    120.00  7.79E-19
    122.40  8.28E-19
    124.90  8.79E-19
    127.40  9.33E-19
    130.00  9.91E-19
    132.60  1.05E-18
    135.30  1.12E-18
    138.10  1.19E-18
    140.80  1.26E-18
    143.70  1.34E-18
    146.60  1.42E-18
    149.60  1.51E-18
    152.60  1.60E-18
    155.70  1.70E-18
    158.80  1.80E-18
    162.00  1.92E-18
    165.30  2.03E-18
    168.60  2.16E-18
    172.00  2.29E-18
    175.50  2.44E-18
    179.00  2.59E-18
    182.70  2.75E-18
    186.40  2.92E-18
    190.10  3.10E-18
    194.00  3.29E-18
    197.90  3.49E-18
    201.90  3.71E-18
    206.00  3.94E-18
    210.10  4.18E-18
    214.40  4.44E-18
    218.70  4.71E-18
    223.10  5.01E-18
    227.60  5.32E-18
    235.90  5.67E-18
    236.10  5.69E-18
    236.30  5.70E-18
    236.60  5.71E-18
    237.00  5.70E-18
    237.80  5.72E-18
    239.20  5.77E-18
    242.40  5.90E-18
    254.90  6.33E-18
    303.40  8.02E-18
    311.00  8.14E-18
    311.10  8.69E-18
    311.30  8.33E-18
    311.40  8.21E-18
    311.80  8.12E-18
    311.90  8.08E-18
    312.50  8.20E-18
    312.60  8.14E-18
    313.60  8.38E-18
    313.70  8.30E-18
    313.80  8.19E-18
    315.60  8.49E-18
    315.70  7.90E-18
    315.80  9.30E-18
    315.90  8.35E-18
    319.80  8.46E-18
    320.10  8.03E-18
    320.20  9.63E-18
    320.30  8.97E-18
    320.40  8.37E-18
    328.30  8.88E-18
    328.70  8.85E-18
    329.20  8.88E-18
    330.00  8.95E-18
    331.20  8.80E-18
    331.30  9.35E-18
    331.40  9.01E-18
    332.30  8.63E-18
    332.60  8.04E-18
    332.70  9.22E-18
    332.80  1.03E-17
    332.90  9.54E-18
    333.30  9.34E-18
    333.50  9.02E-18
    333.70  8.79E-18
    338.20  8.96E-18
    338.50  9.34E-18
    338.60  9.10E-18
    351.60  9.31E-18
    352.40  9.63E-18
    352.90  9.50E-18
    363.80  9.87E-18
    364.30  9.83E-18
    364.90  9.75E-18
    365.80  9.74E-18
    365.90  9.78E-18
    367.40  9.86E-18
    370.20  1.01E-17
    370.30  9.94E-18
    376.10  1.00E-17
    376.30  1.01E-17
    392.60  1.02E-17
    392.90  1.10E-17
    393.20  1.05E-17
    436.80  1.13E-17
    437.00  9.35E-18
    437.10  1.25E-17
    437.30  1.16E-17
    437.60  1.02E-17
    437.70  1.25E-17
    437.80  1.27E-17
    437.90  1.13E-17
    438.00  1.11E-17
    438.40  1.05E-17
    438.50  9.93E-18
    438.60  1.40E-17
    438.70  1.32E-17
    438.90  1.13E-17
    439.00  1.13E-17
    439.70  1.05E-17
    439.80  8.78E-18
    439.90  1.10E-17
    440.00  1.60E-17
    440.10  1.30E-17
    440.30  1.17E-17
    441.70  1.05E-17
    441.90  8.87E-18
    442.00  1.10E-17
    442.10  1.07E-17
    442.20  1.75E-17
    442.30  1.56E-17
    442.40  1.30E-17
    442.50  1.22E-17
    443.20  1.14E-17
    445.30  1.05E-17
    445.60  9.53E-18
    445.70  8.32E-18
    445.80  1.00E-17
    445.90  1.19E-17
    446.00  1.13E-17
    446.10  9.82E-18
    446.20  1.72E-17
    446.30  1.73E-17
    446.40  1.55E-17
    446.50  1.39E-17
    446.60  1.28E-17
    447.00  1.19E-17
    452.40  1.08E-17
    453.20  9.91E-18
    453.60  8.27E-18
    453.70  9.79E-18
    453.80  1.19E-17
    453.90  1.19E-17
    454.40  1.05E-17
    454.50  9.57E-18
    454.70  1.12E-17
    454.80  9.09E-18
    454.90  3.42E-17
    455.10  1.86E-17
    455.20  1.48E-17
    455.30  1.37E-17
    455.60  1.28E-17
    456.40  1.21E-17
    472.70  1.09E-17
    474.50  9.96E-18
    475.20  8.62E-18
    476.00  1.21E-17
    476.40  1.22E-17
    478.00  1.08E-17
    478.40  1.45E-17
    478.80  1.07E-17
    479.30  9.35E-18
    479.70  4.12E-17
    480.10  1.72E-17
    480.60  1.45E-17
    481.50  1.32E-17
    484.50  1.24E-17
    520.00  1.21E-17
    668.90  2.17E-17
    669.00  9.83E-18
    669.10  1.45E-17
    669.20  1.07E-17
    669.90  9.04E-18
    670.00  8.14E-18
    670.10  1.82E-17
    670.30  1.41E-17
    670.40  1.27E-17
    670.50  1.02E-17
    671.40  9.02E-18
    671.70  2.05E-17
    671.80  1.11E-17
    672.00  7.78E-18
    672.10  1.73E-17
    672.20  1.13E-17
    672.40  1.02E-17
    673.70  9.02E-18
    674.00  8.30E-18
    674.10  2.83E-17
    674.20  1.11E-17
    674.50  8.29E-18
    674.60  1.36E-17
    674.70  1.60E-17
    674.80  1.16E-17
    675.10  1.02E-17
    677.20  8.99E-18
    677.70  8.25E-18
    677.80  3.32E-17
    677.90  1.37E-17
    678.00  1.05E-17
    678.40  8.29E-18
    678.60  7.25E-18
    678.70  2.24E-17
    678.80  1.43E-17
    678.90  1.23E-17
    679.00  1.11E-17
    679.50  1.02E-17
    683.00  8.96E-18
    683.90  8.19E-18
    684.00  1.94E-17
    684.10  4.13E-17
    684.20  1.48E-17
    684.30  1.18E-17
    684.40  1.04E-17
    685.10  8.27E-18
    685.40  6.96E-18
    685.50  7.30E-18
    685.60  2.13E-17
    685.70  2.14E-17
    685.80  1.57E-17
    685.90  1.35E-17
    686.00  1.24E-17
    686.30  1.11E-17
    687.00  1.02E-17
    694.10  8.90E-18
    695.50  8.04E-18
    695.60  8.23E-18
    695.80  2.43E-17
    696.00  3.06E-17
    696.10  1.37E-17
    696.30  1.13E-17
    696.70  9.99E-18
    698.10  8.22E-18
    698.70  6.96E-18
    698.80  7.05E-18
    699.00  1.68E-17
    699.20  2.22E-17
    699.40  1.63E-17
    699.60  1.38E-17
    699.80  1.27E-17
    700.00  1.20E-17
    700.60  1.10E-17
    702.30  1.02E-17
    715.40  9.25E-18
    721.50  8.52E-18
    722.30  8.60E-18
    722.70  4.66E-17
    723.20  1.77E-17
    723.60  1.16E-17
    724.00  1.04E-17
    724.50  9.90E-18
    728.70  8.11E-18
    730.20  6.83E-18
    730.70  6.82E-18
    731.20  1.19E-17
    731.80  1.88E-17
    732.80  1.42E-17
    733.90  1.24E-17
    736.10  3.37E-17
    736.20  1.95E-18
    736.30  4.89E-18
    736.40  5.06E-18
    736.50  3.52E-18
    737.10  4.15E-18
    737.40  4.64E-18
    737.50  1.32E-17
    737.60  1.24E-17
    737.70  3.46E-18
    737.80  8.37E-18
    737.90  2.20E-18
    738.10  3.53E-18
    738.90  4.16E-18
    739.30  4.64E-18
    739.40  5.63E-18
    739.50  2.92E-17
    739.60  1.51E-18
    739.70  3.12E-18
    739.80  3.85E-18
    739.90  7.94E-18
    740.00  1.97E-18
    740.10  3.25E-18
    740.30  3.57E-18
    741.50  4.15E-18
    742.00  4.63E-18
    742.20  5.25E-18
    742.30  6.36E-18
    742.40  4.07E-17
    742.50  1.21E-18
    742.60  2.90E-18
    742.80  3.87E-18
    742.90  4.47E-18
    743.00  5.51E-18
    743.10  5.61E-18
    743.20  2.71E-18
    743.30  3.27E-18
    743.60  3.59E-18
    745.50  4.15E-18
    746.30  4.63E-18
    746.60  5.23E-18
    746.70  5.92E-18
    746.80  7.79E-18
    746.90  3.10E-17
    747.00  5.96E-17
    747.10  1.89E-18
    747.20  2.71E-18
    747.30  3.22E-18
    747.50  3.77E-18
    747.80  4.69E-18
    747.90  5.96E-18
    748.00  6.46E-18
    748.10  1.93E-18
    748.20  2.73E-18
    748.40  3.30E-18
    748.90  3.61E-18
    752.00  4.15E-18
    753.50  4.61E-18
    754.00  5.19E-18
    754.20  5.86E-18
    754.30  6.62E-18
    754.40  8.78E-18
    754.50  2.35E-17
    754.60  4.15E-16
    754.70  3.98E-19
    754.80  1.74E-18
    754.90  2.44E-18
    755.00  2.84E-18
    755.20  3.31E-18
    756.00  4.24E-18
    756.20  4.88E-18
    756.30  5.80E-18
    756.40  1.05E-17
    756.50  6.14E-19
    756.60  1.87E-18
    756.70  2.57E-18
    756.90  2.90E-18
    757.20  3.32E-18
    758.10  3.64E-18
    763.40  4.11E-18
    766.90  4.57E-18
    767.90  5.10E-18
    768.30  5.73E-18
    768.50  6.46E-18
    768.70  8.63E-18
    768.90  1.63E-17
    769.10  3.46E-17
    769.30  9.64E-19
    769.50  2.14E-18
    769.70  2.71E-18
    770.10  3.28E-18
    771.90  4.28E-18
    772.40  4.84E-18
    772.60  5.57E-18
    772.80  8.39E-18
    773.10  9.85E-18
    773.30  1.68E-18
    773.60  2.52E-18
    773.80  2.90E-18
    774.00  3.12E-18
    774.50  3.35E-18
    776.40  3.67E-18
    796.50  4.41E-18
    799.40  4.86E-18
    800.40  5.38E-18
    800.90  6.03E-18
    801.50  8.15E-18
    802.00  1.46E-17
    802.50  2.60E-19
    803.00  2.13E-18
    803.60  2.84E-18
    804.10  3.19E-18
    805.30  3.56E-18
    809.40  4.20E-18
    811.20  4.73E-18
    811.90  5.21E-18
    812.50  6.48E-18
    813.20  2.02E-17
    813.80  8.86E-19
    814.50  2.28E-18
    815.20  2.81E-18
    816.60  3.24E-18
    819.50  3.55E-18
    831.70  3.82E-18
    915.30  3.85E-18
  0
***
