       511     93.08   1196.76 S(3P)    S+           2
Cross section:
Lambda = 0.1-80. A
   Verner, D. A., Lambda = 93.08-1168. A
Lambda = 93.08-1168. A
   TOPbase:  Photoionisation Cross Sections, 
   http://cdsweb.u-strasbg.fr/topbase/xsections.html.
Threshold:
Lambda = 1196.76 A
   Martin, W. C., Zalubas, R., Musgrove, A. (1990)
   J. Phys. Chem. Ref. Data 19, 821.
 
      0.10  1.25E-24
      5.00  1.07E-19
      5.01  1.12E-20
     10.00  7.19E-20
     20.00  4.35E-19
     30.00  1.16E-18
     40.00  2.16E-18
     50.00  3.30E-18
     52.75  3.62E-18
     52.76  3.25E-18
     60.00  4.02E-18
     70.00  4.94E-18
     72.93  5.15E-18
     72.94  3.66E-19
     80.00  4.26E-19
     93.08  2.92E-20
     94.96  3.10E-20
     96.88  3.29E-20
     98.84  3.50E-20
    100.80  3.71E-20
    102.90  3.94E-20
    104.90  4.19E-20
    107.10  4.45E-20
    109.20  4.72E-20
    111.40  5.01E-20
    113.70  5.32E-20
    116.00  5.65E-20
    118.30  6.00E-20
    120.70  6.37E-20
    123.20  6.76E-20
    125.60  7.18E-20
    128.20  7.63E-20
    130.80  8.10E-20
    133.40  8.60E-20
    136.10  9.13E-20
    138.90  9.70E-20
    141.70  1.03E-19
    144.50  1.09E-19
    147.40  1.16E-19
    150.40  1.23E-19
    153.50  1.31E-19
    156.60  1.39E-19
    159.70  1.48E-19
    163.00  1.57E-19
    166.20  1.66E-19
    169.60  1.77E-19
    173.00  1.88E-19
    176.50  1.99E-19
    180.10  2.12E-19
    183.70  2.25E-19
    187.40  2.39E-19
    191.20  2.53E-19
    195.10  2.69E-19
    199.00  2.85E-19
    203.10  3.03E-19
    207.20  3.22E-19
    211.30  3.42E-19
    215.60  3.63E-19
    220.00  3.85E-19
    224.40  4.09E-19
    228.90  4.35E-19
    233.60  4.61E-19
    238.30  4.90E-19
    243.10  5.20E-19
    248.00  5.52E-19
    253.00  5.87E-19
    258.10  6.23E-19
    263.30  6.61E-19
    268.70  7.02E-19
    274.10  7.46E-19
    279.60  7.92E-19
    285.30  8.41E-19
    291.00  8.93E-19
    296.90  9.48E-19
    302.90  1.01E-18
    309.00  1.07E-18
    315.30  1.13E-18
    321.70  1.21E-18
    328.10  1.28E-18
    334.80  1.36E-18
    341.50  1.44E-18
    348.40  1.53E-18
    355.50  1.63E-18
    362.70  1.73E-18
    370.00  1.83E-18
    377.50  1.95E-18
    385.10  2.07E-18
    403.80  2.96E-18
    425.50  4.35E-18
    451.90  6.56E-18
    484.70  1.04E-17
    484.90  1.04E-17
    487.30  1.07E-17
    487.40  1.10E-17
    488.10  1.08E-17
    488.20  1.13E-17
    488.30  1.08E-17
    489.30  1.09E-17
    489.50  1.12E-17
    494.10  1.15E-17
    522.80  1.51E-17
    522.90  1.48E-17
    523.00  1.51E-17
    523.60  1.52E-17
    523.80  1.51E-17
    523.90  1.47E-17
    524.60  1.54E-17
    525.00  1.43E-17
    525.10  1.59E-17
    526.50  1.57E-17
    526.80  1.53E-17
    526.90  1.51E-17
    527.00  1.66E-17
    527.10  1.52E-17
    529.70  1.59E-17
    529.90  1.51E-17
    530.00  1.92E-17
    530.10  1.54E-17
    530.20  1.57E-17
    535.00  1.67E-17
    535.20  1.56E-17
    535.30  1.68E-17
    535.40  1.88E-17
    535.50  1.80E-17
    535.60  1.63E-17
    535.90  1.64E-17
    544.80  1.84E-17
    545.30  1.89E-17
    545.60  1.85E-17
    546.00  1.86E-17
    546.20  1.88E-17
    546.30  1.72E-17
    546.50  1.70E-17
    546.70  1.98E-17
    546.90  2.36E-17
    547.00  2.01E-17
    547.10  1.85E-17
    547.50  1.82E-17
    547.60  1.84E-17
    547.80  1.84E-17
    554.70  2.02E-17
    555.80  2.16E-17
    556.20  2.29E-17
    556.70  2.19E-17
    558.40  2.15E-17
    558.50  2.03E-17
    569.30  2.22E-17
    575.50  2.26E-17
    577.20  2.18E-17
    578.20  2.17E-17
    579.50  2.59E-17
    580.30  3.15E-17
    580.90  2.28E-17
    581.10  2.20E-17
    582.60  2.28E-17
    605.30  3.20E-17
    605.40  3.24E-17
    605.60  2.76E-17
    605.70  1.76E-17
    605.80  2.54E-17
    605.90  2.91E-17
    606.20  2.92E-17
    606.30  3.42E-17
    606.60  2.99E-17
    606.70  2.74E-17
    606.80  1.98E-17
    606.90  1.85E-17
    607.00  2.78E-17
    607.10  2.93E-17
    607.30  2.77E-17
    607.40  2.58E-17
    607.50  3.17E-17
    608.10  3.07E-17
    608.30  2.65E-17
    608.40  1.64E-17
    608.50  1.86E-17
    608.60  2.72E-17
    608.70  2.90E-17
    608.80  2.77E-17
    608.90  2.25E-17
    609.00  2.30E-17
    609.10  2.84E-17
    609.20  3.06E-17
    610.10  3.17E-17
    610.60  2.99E-17
    610.70  2.60E-17
    610.90  1.70E-17
    611.00  2.33E-17
    611.10  2.55E-17
    611.30  2.12E-17
    611.40  2.35E-17
    611.60  2.81E-17
    612.00  3.08E-17
    613.90  3.25E-17
    614.40  3.03E-17
    614.60  2.60E-17
    614.80  1.49E-17
    614.90  1.40E-17
    615.10  1.61E-17
    615.40  2.38E-17
    615.70  2.82E-17
    616.50  3.13E-17
    620.20  3.40E-17
    620.90  3.19E-17
    621.20  2.83E-17
    621.40  2.32E-17
    621.70  1.11E-17
    621.80  7.84E-18
    621.90  6.60E-18
    622.00  7.82E-18
    622.10  1.25E-17
    622.30  2.02E-17
    622.50  2.41E-17
    622.90  2.82E-17
    624.00  3.18E-17
    629.70  3.55E-17
    633.60  3.57E-17
    634.40  3.26E-17
    634.80  2.81E-17
    635.20  2.08E-17
    635.60  1.33E-17
    635.80  1.07E-17
    636.00  8.95E-18
    636.20  8.20E-18
    636.50  8.89E-18
    636.70  1.13E-17
    637.10  1.89E-17
    637.60  2.50E-17
    638.00  2.87E-17
    639.20  3.28E-17
    643.10  3.64E-17
    663.90  4.10E-17
    668.30  3.88E-17
    670.00  3.44E-17
    671.90  2.46E-17
    673.20  1.75E-17
    673.80  1.53E-17
    674.50  1.41E-17
    675.80  1.29E-17
    676.50  1.30E-17
    677.20  1.45E-17
    677.90  1.79E-17
    679.40  2.74E-17
    680.90  3.46E-17
    682.40  3.86E-17
    686.50  4.28E-17
    706.40  4.79E-17
    716.40  4.93E-17
    790.70  5.36E-17
    903.20  4.95E-17
    907.80  8.73E-17
    907.90  6.97E-17
    908.00  7.15E-17
    908.10  8.58E-17
    908.20  1.21E-16
    908.30  1.14E-16
    908.40  3.15E-17
    908.50  1.70E-17
    908.70  2.49E-17
    909.00  3.18E-17
    909.60  4.05E-17
    909.80  3.98E-17
    909.90  7.95E-17
    910.00  8.47E-17
    910.10  6.70E-17
    910.20  7.15E-17
    910.40  8.61E-17
    910.50  1.21E-16
    910.60  1.12E-16
    910.70  4.31E-17
    910.80  2.06E-17
    910.90  1.71E-17
    911.20  2.43E-17
    911.60  3.13E-17
    912.50  4.02E-17
    912.80  3.97E-17
    912.90  7.36E-17
    913.00  1.02E-16
    913.10  7.20E-17
    913.20  6.70E-17
    913.40  7.16E-17
    913.50  8.66E-17
    913.70  1.17E-16
    913.80  1.24E-16
    913.90  1.10E-16
    914.10  3.51E-17
    914.20  1.90E-17
    914.30  1.69E-17
    914.70  2.44E-17
    915.30  3.12E-17
    916.70  3.99E-17
    917.10  3.95E-17
    917.30  3.56E-17
    917.40  1.26E-16
    917.50  8.14E-17
    917.60  7.02E-17
    917.80  6.71E-17
    918.00  7.38E-17
    918.30  8.75E-17
    918.60  1.19E-16
    918.70  1.21E-16
    918.80  1.07E-16
    918.90  7.47E-17
    919.00  4.14E-17
    919.10  3.00E-17
    919.20  2.12E-17
    919.30  1.76E-17
    919.40  1.72E-17
    920.00  2.39E-17
    920.90  3.07E-17
    923.10  3.93E-17
    923.80  3.93E-17
    924.10  3.54E-17
    924.20  3.50E-17
    924.30  8.68E-17
    924.40  1.21E-16
    924.50  7.68E-17
    924.60  7.09E-17
    924.90  6.72E-17
    925.40  7.43E-17
    925.70  8.92E-17
    926.10  1.16E-16
    926.30  1.24E-16
    926.40  1.21E-16
    926.50  1.12E-16
    926.60  9.82E-17
    926.90  4.68E-17
    927.00  3.38E-17
    927.10  2.54E-17
    927.20  2.06E-17
    927.30  1.83E-17
    927.40  1.75E-17
    927.50  1.74E-17
    928.50  2.36E-17
    930.00  3.01E-17
    933.70  3.83E-17
    935.20  3.87E-17
    935.80  3.44E-17
    936.00  5.62E-17
    936.10  1.86E-16
    936.30  1.02E-16
    936.40  7.99E-17
    936.60  7.21E-17
    936.80  6.88E-17
    937.10  6.73E-17
    937.70  7.27E-17
    938.40  8.74E-17
    939.10  1.15E-16
    939.50  1.25E-16
    939.60  1.21E-16
    939.80  1.11E-16
    940.50  4.41E-17
    940.70  3.20E-17
    940.90  2.45E-17
    941.10  2.05E-17
    941.30  1.86E-17
    941.70  1.79E-17
    943.30  2.31E-17
    945.80  2.88E-17
    952.70  3.61E-17
    956.80  3.76E-17
    958.00  3.42E-17
    958.30  3.89E-17
    958.60  1.67E-16
    959.00  1.36E-16
    959.30  8.82E-17
    959.60  7.50E-17
    959.90  7.00E-17
    960.30  6.81E-17
    960.90  6.84E-17
    962.00  7.51E-17
    963.00  8.99E-17
    964.50  1.23E-16
    964.90  1.26E-16
    965.20  1.20E-16
    965.60  1.06E-16
    966.80  5.05E-17
    967.20  3.63E-17
    967.60  2.72E-17
    968.00  2.23E-17
    968.40  2.00E-17
    969.20  1.89E-17
    972.60  2.31E-17
    978.70  2.79E-17
    995.30  5.75E-17
    995.40  5.53E-17
    995.50  6.11E-17
    995.60  2.92E-17
    995.80  3.40E-17
    996.00  3.25E-17
    996.10  2.70E-17
    996.30  1.21E-17
    996.40  4.95E-18
    996.50  1.75E-18
    996.60  1.12E-18
    996.70  2.27E-18
    996.80  4.06E-18
    996.90  8.04E-18
    997.30  2.26E-17
    997.60  3.30E-17
    997.70  4.62E-17
    997.80  7.13E-17
    997.90  5.44E-17
    998.00  4.76E-17
    998.10  1.00E-16
    998.20  3.32E-17
    998.60  3.47E-17
    998.80  3.28E-17
    999.00  2.70E-17
    999.20  1.17E-17
    999.30  6.55E-18
    999.40  3.95E-18
    999.50  2.24E-18
    999.60  1.05E-18
    999.70  1.38E-18
    999.80  2.52E-18
    999.90  4.22E-18
   1000.00  7.64E-18
   1001.00  6.47E-17
   1002.00  5.23E-17
   1003.00  2.72E-17
   1004.00  2.66E-18
   1005.00  2.60E-17
   1006.00  4.53E-17
   1007.00  6.99E-17
   1008.00  3.75E-17
   1009.00  3.06E-17
   1010.00  3.07E-18
   1011.00  5.88E-18
   1012.00  3.10E-17
   1014.00  5.61E-17
   1015.00  5.91E-17
   1016.00  8.37E-17
   1017.00  4.85E-17
   1018.00  4.16E-17
   1019.00  2.81E-17
   1020.00  1.53E-17
   1021.00  1.27E-16
   1022.00  1.27E-16
   1023.00  9.32E-17
   1026.00  2.41E-17
   1027.00  6.29E-18
   1028.00  8.82E-18
   1029.00  8.07E-17
   1030.00  9.70E-17
   1031.00  1.76E-17
   1032.00  3.64E-18
   1033.00  9.98E-18
   1034.00  2.01E-17
   1035.00  2.63E-17
   1037.00  2.48E-17
   1040.00  9.99E-18
   1041.00  6.21E-18
   1042.00  3.50E-18
   1043.00  1.85E-18
   1044.00  1.31E-18
   1045.00  1.43E-18
   1046.00  2.23E-18
   1047.00  3.02E-18
   1048.00  4.63E-18
   1049.00  7.59E-18
   1050.00  1.16E-17
   1052.00  1.70E-17
   1053.00  2.48E-17
   1054.00  3.44E-17
   1055.00  4.94E-17
   1056.00  8.93E-17
   1057.00  8.64E-17
   1058.00  7.03E-17
   1059.00  3.10E-17
   1060.00  1.84E-17
   1063.00  2.53E-17
   1065.00  2.95E-17
   1068.00  3.02E-17
   1070.00  2.69E-17
   1075.00  1.32E-17
   1078.00  8.04E-18
   1079.00  5.02E-18
   1081.00  3.49E-18
   1082.00  2.14E-18
   1083.00  1.58E-18
   1084.00  1.25E-18
   1085.00  1.07E-18
   1086.00  1.09E-18
   1087.00  1.24E-18
   1088.00  1.43E-18
   1089.00  1.99E-18
   1091.00  3.22E-18
   1093.00  4.88E-18
   1097.00  8.44E-18
   1103.00  1.51E-17
   1109.00  2.43E-17
   1113.00  3.45E-17
   1116.00  4.53E-17
   1118.00  5.85E-17
   1119.00  6.98E-17
   1120.00  8.83E-17
   1121.00  1.19E-16
   1122.00  1.35E-16
   1123.00  9.79E-17
   1124.00  9.64E-17
   1126.00  3.38E-17
   1127.00  1.83E-17
   1128.00  1.66E-17
   1129.00  1.80E-17
   1132.00  2.37E-17
   1137.00  2.86E-17
   1142.00  3.01E-17
   1149.00  2.72E-17
   1162.00  1.46E-17
   1168.00  9.23E-18
  0
***