    37
     0.    5.235e-23 3.813e-22 9.290e-22 2.521e-21 4.287e-21     H2O      H/OH
    10.    1.296e-20 3.169e-20 4.538e-20 5.908e-20 7.277e-20     H2O      H/OH
    80.    8.646e-20 1.002e-19 1.297e-19 1.751e-19 2.159e-19     H2O      H/OH
   128.    2.908e-19 3.997e-19 5.107e-19 6.387e-19 8.103e-19     H2O      H/OH
   270.    9.623e-19 1.040e-18 1.115e-18 1.210e-18 1.330e-18     H2O      H/OH
   360.    1.422e-18 1.559e-18 1.815e-18 2.098e-18 2.205e-18     H2O      H/OH
   480.    2.275e-18 2.395e-18 2.540e-18 2.695e-18 2.830e-18     H2O      H/OH
   580.    2.955e-18 1.510e-18 0.000e+00 0.000e+00 0.000e+00     H2O      H/OH
    37
     0.    1.747e-23 1.273e-22 3.098e-22 8.392e-22 1.426e-21     H2O    H2/O1D
    10.    4.314e-21 1.054e-20 1.510e-20 1.966e-20 2.421e-20     H2O    H2/O1D
    80.    2.877e-20 3.332e-20 4.319e-20 5.836e-20 7.202e-20     H2O    H2/O1D
   128.    9.706e-20 1.335e-19 1.702e-19 2.131e-19 2.702e-19     H2O    H2/O1D
   270.    3.213e-19 3.465e-19 3.715e-19 4.040e-19 4.430e-19     H2O    H2/O1D
   360.    4.730e-19 5.197e-19 6.050e-19 7.010e-19 7.360e-19     H2O    H2/O1D
   480.    7.590e-19 7.995e-19 8.475e-19 8.985e-19 9.440e-19     H2O    H2/O1D
   580.    9.875e-19 5.050e-19 0.000e+00 0.000e+00 0.000e+00     H2O    H2/O1D
  -111
    23
     0.    1.728e-22 1.257e-21 3.056e-21 8.254e-21 1.402e-20     H2O      OH+H
    10.    3.796e-20 8.520e-20 1.215e-19 1.579e-19 1.942e-19     H2O      OH+H
    80.    2.305e-19 2.668e-19 3.328e-19 4.284e-19 5.145e-19     H2O      OH+H
   128.    6.723e-19 9.018e-19 1.118e-18 1.317e-18 1.561e-18     H2O      OH+H
   270.    1.768e-18 1.845e-18 9.350e-19 0.000e+00 0.000e+00     H2O      OH+H
    23
     0.    1.368e-22 9.949e-22 2.410e-21 6.462e-21 1.095e-20     H2O      O+H2
    10.    2.641e-20 5.278e-20 7.482e-20 9.686e-20 1.189e-19     H2O      O+H2
    80.    1.409e-19 1.630e-19 1.916e-19 2.269e-19 2.586e-19     H2O      O+H2
   128.    3.168e-19 4.014e-19 4.523e-19 4.418e-19 3.837e-19     H2O      O+H2
   270.    3.110e-19 2.425e-19 9.450e-20 0.000e+00 0.000e+00     H2O      O+H2
    23
     0.    1.368e-22 9.949e-22 2.415e-21 6.502e-21 1.103e-20     H2O      H+OH
    10.    2.734e-20 5.619e-20 7.979e-20 1.034e-19 1.270e-19     H2O      H+OH
    80.    1.506e-19 1.742e-19 2.079e-19 2.518e-19 2.913e-19     H2O      H+OH
   128.    3.637e-19 4.690e-19 5.450e-19 5.699e-19 5.644e-19     H2O      H+OH
   270.    5.410e-19 5.000e-19 2.310e-19 0.000e+00 0.000e+00     H2O      H+OH
   123
     0.    1.773e-22 1.293e-21 3.164e-21 8.656e-21 1.475e-20     H2O      H2O+
    10.    5.092e-20 1.356e-19 1.950e-19 2.543e-19 3.137e-19     H2O      H2O+
    80.    3.730e-19 4.323e-19 5.788e-19 8.122e-19 1.022e-18     H2O      H2O+
   128.    1.408e-18 1.968e-18 2.574e-18 3.340e-18 4.398e-18     H2O      H2O+
   270.    5.370e-18 5.880e-18 7.610e-18 9.435e-18 1.015e-17     H2O      H2O+
   360.    1.067e-17 1.144e-17 1.288e-17 1.446e-17 1.480e-17     H2O      H2O+
   480.    1.495e-17 1.545e-17 1.605e-17 1.670e-17 1.720e-17     H2O      H2O+
   580.    1.765e-17 2.020e-17 2.255e-17 2.273e-17 2.216e-17     H2O      H2O+
   710.    2.169e-17 2.014e-17 1.727e-17 1.715e-17 1.868e-17     H2O      H2O+
   860.    2.037e-17 2.239e-17 2.273e-17 2.276e-17 2.265e-17     H2O      H2O+
   940.    2.144e-17 1.951e-17 1.725e-17 1.457e-17 1.206e-17     H2O      H2O+
   995.    8.032e-18 6.200e-18 4.823e-18 3.900e-18 3.056e-18     H2O      H2O+
  1045.    2.395e-18 2.554e-18 6.750e-18 6.275e-18 5.725e-18     H2O      H2O+
  1100.    6.625e-18 1.455e-17 1.625e-17 3.375e-18 2.900e-18     H2O      H2O+
  1150.    3.313e-18 2.391e-18 5.073e-18 6.768e-18 3.883e-18     H2O      H2O+
  1183.    8.060e-18 9.000e-18 5.321e-18 6.627e-18 1.589e-17     H2O      H2O+
  1220.    6.959e-18 4.224e-18 1.116e-17 6.889e-18 6.724e-18     H2O      H2O+
  1258.    6.772e-18 6.820e-18 6.868e-18 6.916e-18 6.967e-18     H2O      H2O+
  1299.    6.960e-18 6.436e-18 5.788e-18 5.139e-18 4.453e-18     H2O      H2O+
  1342.    3.768e-18 3.203e-18 2.690e-18 2.177e-18 1.664e-18     H2O      H2O+
  1389.    9.551e-19 6.200e-19 5.010e-19 5.952e-19 8.100e-19     H2O      H2O+
  1492.    1.103e-18 1.636e-18 2.230e-18 3.033e-18 3.861e-18     H2O      H2O+
  1613.    4.472e-18 4.901e-18 4.690e-18 4.206e-18 3.555e-18     H2O      H2O+
  1739.    3.099e-18 2.508e-18 1.852e-18 1.199e-18 7.700e-19     H2O      H2O+
  1818.    4.730e-19 1.686e-19 1.238e-20 1.000e-35 1.000e-35     H2O      H2O+
   123
     0.    6.935e-22 5.048e-21 1.228e-20 3.323e-20 5.647e-20               H2O
    10.    1.599e-19 3.720e-19 5.316e-19 6.912e-19 8.507e-19               H2O
    80.    1.010e-18 1.170e-18 1.484e-18 1.953e-18 2.375e-18               H2O
   128.    3.148e-18 4.273e-18 5.370e-18 6.521e-18 7.988e-18               H2O
   270.    9.273e-18 9.854e-18 1.036e-17 1.105e-17 1.192e-17               H2O
   360.    1.257e-17 1.352e-17 1.530e-17 1.726e-17 1.774e-17               H2O
   480.    1.798e-17 1.864e-17 1.944e-17 2.029e-17 2.097e-17               H2O
   580.    2.159e-17 2.222e-17 2.255e-17 2.273e-17 2.216e-17               H2O
   710.    2.169e-17 2.014e-17 1.727e-17 1.715e-17 1.868e-17               H2O
   860.    2.037e-17 2.239e-17 2.273e-17 2.276e-17 2.265e-17               H2O
   940.    2.144e-17 1.951e-17 1.725e-17 1.457e-17 1.206e-17               H2O
   995.    8.032e-18 6.200e-18 4.823e-18 3.900e-18 3.056e-18               H2O
  1045.    2.395e-18 2.554e-18 6.750e-18 6.275e-18 5.725e-18               H2O
  1100.    6.625e-18 1.455e-17 1.625e-17 3.375e-18 2.900e-18               H2O
  1150.    3.313e-18 2.391e-18 5.073e-18 6.768e-18 3.883e-18               H2O
  1183.    8.060e-18 9.000e-18 5.321e-18 6.627e-18 1.589e-17               H2O
  1220.    6.959e-18 4.224e-18 1.116e-17 6.889e-18 6.724e-18               H2O
  1258.    6.772e-18 6.820e-18 6.868e-18 6.916e-18 6.967e-18               H2O
  1299.    6.960e-18 6.436e-18 5.788e-18 5.139e-18 4.453e-18               H2O
  1342.    3.768e-18 3.203e-18 2.690e-18 2.177e-18 1.664e-18               H2O
  1389.    9.551e-19 6.200e-19 5.010e-19 5.952e-19 8.100e-19               H2O
  1492.    1.103e-18 1.636e-18 2.230e-18 3.033e-18 3.861e-18               H2O
  1613.    4.472e-18 4.901e-18 4.690e-18 4.206e-18 3.555e-18               H2O
  1739.    3.099e-18 2.508e-18 1.852e-18 1.199e-18 7.700e-19               H2O
  1818.    4.730e-19 1.686e-19 1.238e-20 1.000e-35 1.000e-35               H2O
68e-22 9.949e-22 2.415e-21 6.502e-21 1.103e-20     H2O      H+OH
    10.    2.734e-20 5.619e-20 7.979e-20 1.034e-19 1.270e-19     H2O      H+OH
    80.    1.506e-19 1.742e-19 2.079e-19 2.518e-19 2.913e-19     H2O      H+OH
   128.    3.637e-19 4.690e-19 5.450e-19 5.699e-19 5.644e-19     H2O      H+OH
   270.    5.410e-19 5.000e-19 4.390e-19 4.015e-19 3.705e-19     H2O      H+OH
   360.    3.540e-19 3.717e-19 4.507e-19 5.342e-19 5.765e-19     H2O      H+OH
   480.    6.090e-19 6.500e-19 6.940e-19 7.485e-19 8.045e-19     H2O      H+OH
   580.    7.930e-19 6.970e-19 5.655e-19 1.708e-19 0.000e+00     H2O      H+OH
    55
     0.    1.773e-22 1.293e-21 3.164e-21 8.656e-21 1.475e-20     H2O      H2O+
    10.    5.092e-20 1.356e-19 1.950e-19 2.543e-19 3.137e-19     H2O      H2O+
    80.    3.730e-19 4.323e-19 5.788e-19 8.122e-19 1.022e-18     H2O      H2O+
   128.    1.408e-18 1.968e-18 2.574e-18 3.340e-18 4.398e-18     H2O      H2O+
   270.    5.370e-18 5.880e-18 6.340e-18 6.825e-18 7.380e-18     H2O      H2O+
   360.    7.778e-18 8.358e-18 9.347e-18 1.021e-17 1.035e-17     H2O      H2O+
   480.    1.050e-17 1.085e-17 1.125e-17 1.160e-17 1.175e-17     H2O      H2O+
   580.    1.205e-17 1.275e-17 1.355e-17 1.519e-17 1.562e-17     H2O      H2O+
   710.    1.529e-17 1.460e-17 1.388e-17 1.356e-17 1.227e-17     H2O      H2O+
   860.    1.038e-17 9.192e-18 8.306e-18 8.074e-18 7.837e-18     H2O      H2O+
   940.    7.490e-18 6.815e-18 6.036e-18 5.137e-18 4.613e-19     H2O      H2O+
    55
     0.    6.935e-22 5.048e-21 1.228e-20 3.323e-20 5.647e-20               H2O
    10.    1.599e-19 3.720e-19 5.316e-19 6.912e-19 8.507e-19               H2O
    80.    1.010e-18 1.170e-18 1.484e-18 1.953e-18 2.375e-18               H2O
   128.    3.148e-18 4.273e-18 5.370e-18 6.521e-18 7.988e-18               H2O
   270.    9.273e-18 9.854e-18 1.036e-17 1.105e-17 1.190e-17               H2O
   360.    1.253e-17 1.349e-17 1.530e-17 1.725e-17 1.774e-17               H2O
   480.    1.799e-17 1.864e-17 1.945e-17 2.033e-17 2.102e-17               H2O
   580.    2.159e-17 2.216e-17 2.252e-17 2.271e-17 2.214e-17               H2O
   710.    2.169e-17 2.015e-17 1.728e-17 1.716e-17 1.868e-17               H2O
   860.    2.038e-17 2.238e-17 2.273e-17 2.275e-17 2.265e-17               H2O
   940.    2.145e-17 1.951e-17 1.725e-17 1.457e-17 1.206e-17               H2O
