       368      0.00    658.49 Al+      Al^2+        2
Cross section:
Lambda = 0.1 - 310.00 A
   Verner, D. A., Yakovlev, D. G., Band, I. M., Trzhaskovskaya, M. B. (1993)
   Atomic Data Nuclear Data Tables 55, 233.
   Verner, D. A., Yakovlev, D. G. (1995)
   Astron. Astrophys. Suppl. 109, 125.
   Verner, D. A., Ferland, G. J., Korista, K. T., Yakovlev, D. G. (1996)
   Astrophys. J. 465, 487.
Lambda = 314.71 - 676.60 A
   TOPbase:  Photoionisation Cross Sections, 
   http://cdsweb.u-strasbg.fr/topbase/xsections.html.
Threshold:
Lambda = 658.49 A
   Kaufman, V., Martin, W. C. (1991b)
   J. Phys. Chem. Ref. Data 20, 775-858.

      0.10  4.11E-25
      7.89  1.84E-19
      7.90  1.66E-20
     10.00  3.07E-20
     20.00  1.82E-19
     30.00  5.00E-19
     40.00  9.99E-19
     50.00  1.67E-18
     60.00  2.47E-18
     70.00  3.35E-18
     80.00  4.24E-18
     90.00  5.07E-18
     96.79  5.55E-18
     96.80  5.00E-18
    100.00  5.20E-18
    110.00  5.67E-18
    120.00  5.89E-18
    130.00  5.82E-18
    137.81  5.54E-18
    137.82  1.48E-19
    140.00  1.51E-19
    150.00  1.64E-19
    160.00  1.76E-19
    170.00  1.88E-19
    180.00  2.00E-19
    190.00  2.12E-19
    200.00  2.23E-19
    210.00  2.33E-19
    220.00  2.44E-19
    230.00  2.53E-19
    240.00  2.63E-19
    250.00  2.72E-19
    260.00  2.80E-19
    270.00  2.88E-19
    280.00  2.96E-19
    290.00  3.03E-19
    300.00  3.10E-19
    310.00  3.16E-19
    314.71  3.17E-19
    314.74  3.19E-19
    314.99  3.14E-19
    315.02  3.20E-19
    315.06  3.18E-19
    315.35  3.16E-19
    315.41  3.19E-19
    315.47  3.18E-19
    315.91  3.18E-19
    315.96  3.20E-19
    316.46  3.16E-19
    316.56  3.20E-19
    316.64  3.19E-19
    317.42  3.19E-19
    317.50  3.21E-19
    318.49  3.15E-19
    318.63  3.23E-19
    318.81  3.19E-19
    319.63  3.20E-19
    320.04  3.14E-19
    320.56  3.25E-19
    320.60  3.56E-19
    320.63  4.01E-19
    320.66  3.38E-19
    320.68  3.26E-19
    320.72  3.17E-19
    322.39  3.23E-19
    322.50  3.56E-19
    322.58  3.22E-19
    322.88  3.15E-19
    322.98  3.28E-19
    323.00  4.38E-19
    323.03  3.55E-19
    323.05  3.26E-19
    323.08  3.21E-19
    324.70  3.20E-19
    325.72  3.30E-19
    325.98  3.26E-19
    327.17  3.22E-19
    327.26  3.42E-19
    327.35  3.25E-19
    328.26  3.21E-19
    328.67  3.38E-19
    328.88  3.27E-19
    335.39  3.24E-19
    336.27  3.37E-19
    336.57  3.28E-19
    341.20  3.27E-19
    343.23  3.19E-19
    343.34  3.29E-19
    344.37  3.23E-19
    344.60  3.26E-19
    345.96  3.25E-19
    346.98  3.30E-19
    361.29  3.33E-19
    364.75  3.32E-19
    365.08  3.17E-19
    365.13  2.95E-19
    365.14  3.20E-19
    365.15  4.76E-19
    365.17  3.76E-19
    365.18  3.56E-19
    365.22  3.40E-19
    366.33  3.16E-19
    366.47  2.87E-19
    366.50  5.07E-19
    366.52  4.24E-19
    366.54  3.88E-19
    366.55  3.71E-19
    366.66  3.43E-19
    367.78  3.23E-19
    368.33  2.98E-19
    368.36  3.12E-19
    368.40  4.18E-19
    368.43  4.22E-19
    368.50  3.76E-19
    368.67  3.46E-19
    370.93  3.06E-19
    371.07  3.17E-19
    371.21  3.85E-19
    371.64  3.48E-19
    374.07  3.23E-19
    374.99  3.38E-19
    379.06  3.23E-19
    379.13  3.77E-19
    379.14  3.44E-19
    379.17  3.30E-19
    379.80  3.12E-19
    379.95  2.85E-19
    379.98  3.03E-19
    380.02  3.18E-19
    380.51  2.92E-19
    380.53  3.10E-19
    380.54  3.42E-19
    380.56  3.58E-19
    380.61  3.38E-19
    380.84  2.95E-19
    380.99  2.80E-19
    381.07  3.10E-19
    381.16  3.42E-19
    382.22  3.11E-19
    382.43  3.38E-19
    382.68  3.36E-19
    382.78  2.98E-19
    382.81  3.25E-19
    382.83  3.38E-19
    384.93  3.14E-19
    385.35  3.63E-19
    385.50  3.98E-19
    385.61  5.08E-19
    385.68  3.69E-19
    385.72  3.46E-19
    385.76  3.40E-19
    385.80  3.54E-19
    385.83  3.35E-19
    388.08  3.26E-19
    390.35  3.26E-19
    390.59  3.34E-19
    390.66  3.26E-19
    392.89  3.22E-19
    398.12  3.01E-19
    398.54  2.80E-19
    398.65  3.49E-19
    398.87  3.19E-19
    400.02  2.66E-19
    400.25  2.61E-19
    400.37  3.28E-19
    400.49  5.70E-19
    400.62  6.00E-19
    400.74  5.09E-19
    400.86  4.53E-19
    401.11  4.00E-19
    401.49  3.70E-19
    402.68  3.43E-19
    414.56  3.14E-19
    414.79  3.30E-19
    427.62  3.08E-19
    429.78  3.17E-19
    431.31  3.79E-19
    432.09  3.73E-19
    435.40  3.36E-19
    446.17  3.19E-19
    451.44  3.54E-19
    458.75  3.44E-19
    494.68  3.10E-19
    495.93  2.40E-19
    495.97  2.44E-19
    495.99  2.64E-19
    496.01  6.33E-19
    496.03  1.44E-19
    496.05  1.64E-19
    496.08  1.65E-19
    496.12  1.53E-19
    496.19  1.17E-19
    496.23  8.12E-20
    496.28  3.42E-20
    496.30  1.11E-20
    496.32  8.43E-23
    496.35  3.05E-20
    496.37  1.59E-19
    496.39  4.08E-19
    496.42  6.35E-19
    496.44  7.19E-19
    496.46  7.05E-19
    496.53  5.77E-19
    496.63  4.74E-19
    496.77  4.04E-19
    497.07  3.46E-19
    498.47  2.39E-19
    498.53  2.50E-19
    498.56  3.15E-19
    498.59  9.45E-20
    498.62  1.58E-19
    498.65  1.66E-19
    498.68  1.64E-19
    498.74  1.50E-19
    498.83  1.14E-19
    498.89  7.81E-20
    498.96  3.22E-20
    498.99  9.95E-21
    499.02  1.92E-22
    499.05  3.15E-20
    499.09  1.59E-19
    499.12  4.05E-19
    499.15  6.36E-19
    499.18  7.24E-19
    499.21  7.12E-19
    499.35  5.47E-19
    499.44  4.75E-19
    499.65  4.03E-19
    500.06  3.44E-19
    501.98  2.39E-19
    502.11  2.45E-19
    502.15  2.80E-19
    502.19  5.70E-21
    502.24  1.50E-19
    502.28  1.64E-19
    502.33  1.65E-19
    502.46  1.46E-19
    502.59  1.09E-19
    502.68  7.37E-20
    502.78  2.91E-20
    502.82  8.25E-21
    502.87  4.90E-22
    502.91  3.37E-20
    502.96  1.61E-19
    503.01  4.04E-19
    503.05  6.36E-19
    503.10  7.29E-19
    503.15  7.19E-19
    503.34  5.50E-19
    503.54  4.59E-19
    503.83  3.95E-19
    504.45  3.38E-19
    507.21  2.36E-19
    507.40  2.42E-19
    507.47  2.77E-19
    507.53  1.11E-20
    507.60  1.51E-19
    507.67  1.64E-19
    507.80  1.62E-19
    508.01  1.40E-19
    508.21  1.02E-19
    508.35  6.71E-20
    508.49  2.45E-20
    508.56  5.88E-21
    508.64  1.27E-21
    508.71  3.78E-20
    508.78  1.64E-19
    508.92  6.34E-19
    509.00  7.33E-19
    509.07  7.28E-19
    509.37  5.55E-19
    509.67  4.60E-19
    510.13  3.92E-19
    511.11  3.33E-19
    514.80  2.41E-19
    515.64  2.29E-19
    515.74  2.40E-19
    515.85  3.60E-19
    515.96  1.33E-19
    516.07  1.63E-19
    516.18  1.67E-19
    516.51  1.55E-19
    516.96  1.18E-19
    517.30  7.53E-20
    517.65  1.84E-20
    517.77  3.13E-21
    517.89  2.90E-21
    518.01  4.22E-20
    518.13  1.63E-19
    518.37  6.12E-19
    518.49  7.26E-19
    518.62  7.33E-19
    519.24  5.31E-19
    519.76  4.45E-19
    520.68  3.73E-19
    522.36  3.18E-19
    529.52  2.09E-19
    529.90  2.16E-19
    530.10  9.50E-21
    530.29  1.68E-19
    530.49  1.72E-19
    530.89  1.65E-19
    531.90  1.32E-19
    532.74  8.91E-20
    533.38  4.46E-20
    533.82  1.24E-20
    534.04  1.45E-21
    534.26  3.45E-21
    534.49  3.51E-20
    534.71  1.24E-19
    534.94  2.93E-19
    535.17  5.06E-19
    535.40  6.68E-19
    535.63  7.29E-19
    535.86  7.20E-19
    537.06  5.28E-19
    538.30  4.27E-19
    540.11  3.59E-19
    543.74  2.97E-19
    555.22  2.03E-19
    556.40  2.03E-19
    556.81  4.25E-19
    557.21  1.63E-19
    557.62  1.68E-19
    559.28  1.55E-19
    562.35  1.11E-19
    564.19  7.38E-20
    565.62  3.79E-20
    566.59  1.30E-20
    567.09  3.42E-21
    567.59  1.42E-22
    568.09  1.05E-20
    568.60  4.77E-20
    569.11  1.32E-19
    569.63  2.83E-19
    570.15  4.84E-19
    570.68  6.65E-19
    571.22  7.59E-19
    571.75  7.70E-19
    573.97  5.92E-19
    575.68  4.90E-19
    578.06  4.09E-19
    581.80  3.39E-19
    589.33  2.70E-19
    606.58  1.87E-19
    619.67  1.30E-19
    620.77  1.14E-19
    621.89  1.42E-19
    623.02  1.28E-19
    626.50  1.10E-19
    644.81  2.49E-20
    647.73  1.25E-20
    649.23  7.15E-21
    650.75  2.87E-21
    652.29  3.32E-22
    653.86  5.11E-22
    655.45  4.92E-21
    657.07  1.59E-20
    658.72  3.72E-20
    660.38  7.36E-20
    662.07  1.33E-19
    663.78  2.24E-19
    665.52  3.55E-19
    669.09  7.11E-19
    670.92  8.68E-19
    672.77  9.57E-19
    674.66  9.69E-19
    676.58  9.25E-19
  0
***
