       661      0.00   2071.32 Al       Al+          2
Cross section:
Lambda = 0.1 - 630.00 A
   Verner, D. A., Yakovlev, D. G., Band, I. M., Trzhaskovskaya, M. B. (1993)
   Atomic Data Nuclear Data Tables 55, 233
   Verner, D. A., Yakovlev, D. G. (1995)
   Astron. Astrophys. Suppl. 109, 125
   Verner, D. A., Ferland, G. J., Korista, K. T., Yakovlev, D. G. (1996)
   Astrophys. J. 465, 487
Lambda = 631.90 - 2125. A
   TOPbase:  Photoionisation Cross Sections, 
   http://cdsweb.u-strasbg.fr/topbase/xsections.html.
Threshold:
Lambda = 2071.32 A
   Kaufman, V., Martin, W. C. (1991)
   J. Phys. Chem. Ref. Data 20, 775-858.

      0.10  4.25E-25
      7.91  1.82E-19
      7.92  1.67E-20
     10.00  3.06E-20
     20.00  1.81E-19
     30.00  5.02E-19
     40.00  1.01E-18
     50.00  1.68E-18
     60.00  2.49E-18
     70.00  3.37E-18
     80.00  4.25E-18
     90.00  5.04E-18
     98.71  5.60E-18
     98.72  5.06E-18
    100.00  5.13E-18
    110.00  5.51E-18
    120.00  5.61E-18
    130.00  5.39E-18
    140.00  4.84E-18
    150.00  4.00E-18
    154.21  3.58E-18
    154.22  2.16E-19
    160.00  2.27E-19
    170.00  2.46E-19
    180.00  2.65E-19
    190.00  2.84E-19
    200.00  3.02E-19
    210.00  3.20E-19
    220.00  3.37E-19
    230.00  3.53E-19
    240.00  3.69E-19
    250.00  3.84E-19
    260.00  3.98E-19
    270.00  4.12E-19
    280.00  4.24E-19
    290.00  4.36E-19
    300.00  4.46E-19
    310.00  4.55E-19
    320.00  4.64E-19
    330.00  4.71E-19
    340.00  4.77E-19
    350.00  4.82E-19
    360.00  4.87E-19
    370.00  4.90E-19
    380.00  4.92E-19
    390.00  4.93E-19
    400.00  4.92E-19
    410.00  4.91E-19
    420.00  4.89E-19
    430.00  4.87E-19
    440.00  4.83E-19
    450.00  4.78E-19
    460.00  4.73E-19
    470.00  4.67E-19
    480.00  4.61E-19
    490.00  4.54E-19
    500.00  4.46E-19
    510.00  4.39E-19
    520.00  4.31E-19
    530.00  4.23E-19
    540.00  4.14E-19
    550.00  4.06E-19
    560.00  3.98E-19
    570.00  3.91E-19
    580.00  3.84E-19
    590.00  3.77E-19
    600.00  3.71E-19
    610.00  3.66E-19
    620.00  3.62E-19
    630.00  3.58E-19
    631.90  3.53E-19
    644.70  3.75E-19
    649.30  3.43E-19
    649.50  4.91E-19
    649.60  5.11E-19
    649.70  4.13E-19
    649.90  3.39E-19
    650.00  3.41E-19
    650.10  3.19E-19
    650.30  3.27E-19
    650.40  3.43E-19
    650.70  5.18E-19
    650.80  4.82E-19
    651.00  3.70E-19
    651.20  3.42E-19
    651.30  3.45E-19
    651.60  3.20E-19
    651.70  3.57E-19
    651.80  3.24E-19
    652.00  3.76E-19
    652.40  5.06E-19
    652.50  4.55E-19
    652.70  4.05E-19
    653.10  3.05E-19
    653.20  3.68E-19
    653.60  3.22E-19
    653.90  3.53E-19
    654.00  3.22E-19
    654.10  3.55E-19
    654.40  4.18E-19
    654.80  4.51E-19
    654.90  4.99E-19
    655.00  4.88E-19
    655.10  4.33E-19
    656.00  2.90E-19
    656.10  3.64E-19
    656.50  3.42E-19
    656.80  3.28E-19
    657.10  3.75E-19
    657.30  3.55E-19
    657.50  3.38E-19
    657.60  3.77E-19
    658.10  4.32E-19
    658.90  4.55E-19
    659.00  4.92E-19
    659.10  4.20E-19
    660.60  2.84E-19
    660.70  2.76E-19
    660.90  3.47E-19
    661.30  3.68E-19
    662.00  3.42E-19
    662.40  3.94E-19
    663.30  3.71E-19
    663.60  4.03E-19
    664.00  4.34E-19
    665.70  4.02E-19
    665.80  4.42E-19
    665.90  4.69E-19
    666.10  3.80E-19
    668.00  3.19E-19
    669.30  2.85E-19
    669.40  2.93E-19
    669.50  3.17E-19
    669.90  3.71E-19
    670.50  4.10E-19
    671.10  3.85E-19
    671.60  3.76E-19
    672.50  4.32E-19
    673.60  4.56E-19
    676.00  3.95E-19
    677.60  3.71E-19
    677.70  4.57E-19
    677.90  3.93E-19
    678.10  3.59E-19
    678.30  3.53E-19
    683.30  3.22E-19
    684.20  3.28E-19
    684.70  3.20E-19
    685.70  3.33E-19
    686.20  3.08E-19
    686.70  3.14E-19
    687.80  3.17E-19
    688.40  3.36E-19
    689.50  3.76E-19
    690.70  4.19E-19
    691.90  5.39E-19
    692.50  5.49E-19
    693.80  4.89E-19
    695.60  4.11E-19
    699.30  3.52E-19
    705.10  3.26E-19
    705.50  2.73E-19
    705.60  2.97E-19
    705.80  3.17E-19
    705.90  3.20E-19
    706.00  4.03E-19
    706.10  3.26E-19
    706.20  3.20E-19
    706.30  3.82E-19
    706.40  3.77E-19
    706.50  2.95E-19
    706.60  2.90E-19
    706.80  2.71E-19
    706.90  2.99E-19
    707.20  3.16E-19
    707.30  3.15E-19
    707.40  3.25E-19
    707.50  4.07E-19
    707.60  3.63E-19
    707.70  3.22E-19
    707.80  3.23E-19
    707.90  3.74E-19
    708.00  4.12E-19
    708.10  3.43E-19
    708.20  2.97E-19
    708.40  2.92E-19
    708.60  2.65E-19
    708.70  2.88E-19
    709.10  3.17E-19
    709.30  3.20E-19
    709.40  3.32E-19
    709.60  4.08E-19
    709.70  4.17E-19
    709.80  3.82E-19
    709.90  3.25E-19
    710.00  3.22E-19
    710.10  3.61E-19
    710.20  3.84E-19
    710.30  4.14E-19
    710.40  3.51E-19
    710.60  3.01E-19
    710.90  2.94E-19
    711.20  2.63E-19
    711.40  2.81E-19
    712.00  3.19E-19
    712.50  3.38E-19
    712.80  4.20E-19
    712.90  4.23E-19
    713.10  3.48E-19
    713.30  3.22E-19
    713.50  3.36E-19
    713.80  4.13E-19
    714.00  3.63E-19
    714.30  3.15E-19
    714.80  3.02E-19
    715.20  2.69E-19
    715.40  2.78E-19
    715.90  3.02E-19
    716.70  3.37E-19
    717.30  3.58E-19
    717.70  4.30E-19
    718.00  4.47E-19
    718.60  3.50E-19
    718.90  3.47E-19
    719.30  4.01E-19
    719.60  4.43E-19
    719.80  4.17E-19
    720.30  3.60E-19
    721.10  3.53E-19
    721.80  3.18E-19
    722.00  3.27E-19
    723.10  3.54E-19
    723.80  4.12E-19
    724.80  5.02E-19
    724.90  5.37E-19
    725.00  5.69E-19
    725.10  6.22E-19
    725.40  4.82E-19
    725.80  4.64E-19
    726.00  5.30E-19
    726.10  6.50E-19
    726.20  7.86E-19
    726.30  6.19E-19
    726.40  4.24E-19
    726.60  4.23E-19
    727.10  5.76E-19
    727.20  5.76E-19
    727.50  4.12E-19
    727.80  3.54E-19
    727.90  3.74E-19
    728.00  3.54E-19
    728.20  3.59E-19
    728.50  4.11E-19
    728.80  4.62E-19
    729.00  4.06E-19
    729.20  3.77E-19
    730.00  4.38E-19
    730.40  4.21E-19
    730.50  4.44E-19
    732.00  3.43E-19
    732.40  3.34E-19
    732.60  3.80E-19
    732.70  4.07E-19
    734.10  3.31E-19
    734.30  3.61E-19
    734.90  4.18E-19
    735.00  3.86E-19
    735.40  3.79E-19
    736.20  4.04E-19
    736.50  4.54E-19
    736.70  4.30E-19
    737.80  4.24E-19
    739.50  4.47E-19
    740.40  5.11E-19
    741.00  6.19E-19
    741.50  6.83E-19
    741.80  5.61E-19
    742.10  4.60E-19
    742.40  4.09E-19
    742.90  3.80E-19
    744.60  3.92E-19
    745.80  3.98E-19
    748.10  4.03E-19
    749.80  4.32E-19
    752.40  4.67E-19
    753.70  4.59E-19
    754.30  4.80E-19
    755.70  4.54E-19
    756.50  4.76E-19
    756.70  4.57E-19
    756.80  4.99E-19
    756.90  6.68E-19
    757.00  6.40E-19
    757.10  4.94E-19
    757.30  5.41E-19
    757.60  4.85E-19
    757.70  6.31E-19
    757.80  6.01E-19
    757.90  5.84E-19
    758.00  4.35E-19
    758.10  4.19E-19
    758.50  4.58E-19
    758.60  5.34E-19
    758.70  4.54E-19
    758.80  3.72E-19
    759.00  3.49E-19
    759.30  3.70E-19
    759.40  4.17E-19
    759.50  5.52E-19
    759.60  7.20E-19
    759.70  4.87E-19
    759.80  4.06E-19
    759.90  3.73E-19
    760.00  3.81E-19
    760.20  3.52E-19
    760.70  3.57E-19
    760.80  4.62E-19
    760.90  5.21E-19
    761.00  4.04E-19
    761.20  3.91E-19
    761.90  4.26E-19
    762.20  5.05E-19
    762.40  5.77E-19
    762.50  5.74E-19
    762.60  4.17E-19
    763.00  4.88E-19
    763.10  6.24E-19
    763.20  3.81E-19
    763.30  4.03E-19
    763.40  4.89E-19
    763.50  6.28E-19
    763.60  1.05E-18
    763.80  7.63E-19
    764.00  6.31E-19
    764.10  7.66E-19
    764.20  7.63E-19
    764.30  5.71E-19
    764.50  5.06E-19
    764.80  4.63E-19
    765.90  4.32E-19
    766.40  4.54E-19
    766.50  5.14E-19
    766.60  6.09E-19
    766.70  6.30E-19
    766.90  5.33E-19
    767.10  4.72E-19
    767.80  4.26E-19
    767.90  5.71E-19
    768.50  4.38E-19
    768.90  4.73E-19
    769.00  5.26E-19
    769.10  6.38E-19
    769.20  8.27E-19
    769.30  8.42E-19
    769.40  5.98E-19
    769.50  5.32E-19
    769.60  4.73E-19
    769.80  4.44E-19
    771.40  4.05E-19
    771.60  4.31E-19
    771.80  4.94E-19
    771.90  5.28E-19
    772.40  5.01E-19
    773.30  5.14E-19
    773.50  5.55E-19
    773.70  7.35E-19
    773.80  6.73E-19
    773.90  5.80E-19
    774.00  5.26E-19
    774.10  4.98E-19
    774.30  4.76E-19
    775.40  4.77E-19
    776.20  5.25E-19
    776.50  5.89E-19
    776.80  6.90E-19
    777.10  9.72E-19
    777.20  9.67E-19
    777.40  7.39E-19
    777.60  6.46E-19
    777.80  5.43E-19
    778.00  4.98E-19
    778.50  4.65E-19
    783.00  4.94E-19
    783.80  5.12E-19
    784.00  5.59E-19
    784.10  6.59E-19
    784.30  7.24E-19
    784.60  7.20E-19
    784.90  7.64E-19
    785.10  8.34E-19
    785.30  9.72E-19
    785.40  1.22E-18
    785.60  1.34E-18
    785.80  1.11E-18
    786.00  9.67E-19
    786.30  9.03E-19
    786.80  6.54E-19
    787.20  5.68E-19
    788.00  5.22E-19
    790.80  5.28E-19
    792.70  5.28E-19
    793.00  5.46E-19
    794.40  8.31E-19
    794.90  8.86E-19
    796.10  7.43E-19
    797.40  6.69E-19
    799.90  6.48E-19
    800.20  6.82E-19
    800.80  6.16E-19
    813.10  7.57E-19
    816.10  8.42E-19
    817.00  9.64E-19
    817.50  8.60E-19
    817.90  8.26E-19
    819.40  8.51E-19
    821.30  9.40E-19
    821.80  1.04E-18
    822.30  8.75E-19
    828.90  9.92E-19
    837.90  9.47E-19
    842.20  8.90E-19
    847.70  6.03E-19
    848.50  6.27E-19
    849.40  9.80E-19
    850.20  1.04E-18
    851.10  8.85E-19
    851.90  8.14E-19
    854.60  7.61E-19
    871.00  8.58E-19
    902.70  1.15E-18
    913.20  1.34E-18
    918.90  1.64E-18
    922.90  1.80E-18
    927.00  1.81E-18
    931.00  1.48E-18
    932.80  1.37E-18
    936.70  1.34E-18
    938.70  1.14E-18
    938.80  1.36E-18
    939.00  1.13E-18
    939.20  9.82E-19
    939.30  1.27E-18
    939.40  1.93E-18
    939.50  1.69E-18
    939.80  1.51E-18
    940.80  1.29E-18
    941.00  1.15E-18
    941.10  1.37E-18
    941.50  1.07E-18
    941.70  1.12E-18
    941.80  1.20E-18
    941.90  1.89E-18
    942.20  1.73E-18
    942.50  1.55E-18
    943.70  1.36E-18
    944.20  1.23E-18
    944.30  1.38E-18
    944.60  1.21E-18
    945.10  9.71E-19
    945.20  1.22E-18
    945.30  8.88E-19
    945.40  1.67E-18
    945.50  1.89E-18
    945.60  2.24E-18
    945.70  2.16E-18
    945.90  1.82E-18
    946.40  1.60E-18
    948.20  1.41E-18
    948.90  1.29E-18
    949.00  1.73E-18
    949.10  1.41E-18
    949.50  1.28E-18
    950.30  1.04E-18
    950.40  1.29E-18
    950.50  1.39E-18
    950.60  7.94E-19
    950.70  1.41E-18
    950.80  1.67E-18
    950.90  2.04E-18
    951.00  2.45E-18
    951.10  2.44E-18
    951.30  2.18E-18
    951.60  1.91E-18
    952.30  1.70E-18
    955.10  1.50E-18
    956.30  1.37E-18
    956.40  1.22E-17
    956.50  1.50E-18
    956.60  1.44E-18
    957.00  1.38E-18
    958.30  1.13E-18
    958.50  1.13E-18
    958.60  1.30E-18
    958.70  2.22E-18
    958.80  1.46E-18
    958.90  9.89E-19
    959.00  9.12E-19
    959.20  1.12E-18
    959.30  1.92E-18
    959.40  1.87E-18
    959.50  1.99E-18
    959.60  2.56E-18
    959.70  2.80E-18
    959.80  2.78E-18
    960.30  2.36E-18
    960.90  2.07E-18
    962.10  1.85E-18
    968.40  1.56E-18
    968.90  1.46E-18
    969.00  1.97E-18
    969.20  1.63E-18
    972.20  1.29E-18
    972.60  1.31E-18
    972.80  1.48E-18
    973.00  2.35E-18
    973.20  2.29E-18
    973.40  1.40E-18
    973.60  1.15E-18
    973.80  1.11E-18
    974.00  1.35E-18
    974.20  2.03E-18
    974.40  2.14E-18
    974.60  2.34E-18
    974.80  3.10E-18
    975.00  3.45E-18
    975.20  3.42E-18
    976.20  2.71E-18
    977.30  2.39E-18
    979.70  2.14E-18
    990.20  1.90E-18
    992.20  1.76E-18
    992.50  1.61E-18
    992.80  3.53E-18
    993.20  2.10E-18
    993.50  1.98E-18
    998.70  1.70E-18
    999.90  1.72E-18
   1000.00  1.88E-18
   1001.00  2.81E-18
   1002.00  1.63E-18
   1003.00  1.40E-18
   1004.00  2.21E-18
   1005.00  4.30E-18
   1006.00  5.19E-18
   1008.00  3.99E-18
   1009.00  3.48E-18
   1012.00  3.09E-18
   1017.00  2.82E-18
   1046.00  2.75E-18
   1062.00  2.52E-18
   1064.00  2.61E-18
   1065.00  3.03E-18
   1066.00  5.38E-18
   1067.00  6.36E-18
   1068.00  3.75E-18
   1070.00  2.92E-18
   1071.00  2.59E-18
   1072.00  2.43E-18
   1073.00  2.40E-18
   1074.00  2.49E-18
   1076.00  2.73E-18
   1077.00  3.82E-18
   1078.00  7.25E-18
   1079.00  1.10E-17
   1081.00  1.18E-17
   1083.00  9.66E-18
   1086.00  8.04E-18
   1089.00  7.14E-18
   1093.00  6.43E-18
   1104.00  5.88E-18
   1128.00  6.04E-18
   1185.00  7.67E-18
   1188.00  8.93E-18
   1189.00  3.00E-18
   1190.00  6.00E-18
   1191.00  1.08E-17
   1192.00  8.68E-18
   1193.00  3.38E-18
   1195.00  6.19E-18
   1196.00  8.23E-18
   1197.00  4.11E-17
   1198.00  5.66E-18
   1199.00  3.50E-18
   1200.00  4.82E-18
   1202.00  6.38E-18
   1204.00  9.45E-18
   1205.00  1.34E-17
   1206.00  7.44E-18
   1207.00  2.20E-18
   1208.00  3.96E-18
   1209.00  5.01E-18
   1212.00  6.66E-18
   1216.00  8.98E-18
   1217.00  1.17E-17
   1218.00  1.77E-17
   1219.00  9.34E-18
   1220.00  8.79E-19
   1221.00  2.88E-18
   1222.00  4.19E-18
   1224.00  5.29E-18
   1230.00  7.04E-18
   1235.00  8.91E-18
   1236.00  9.49E-18
   1237.00  2.69E-17
   1238.00  1.20E-17
   1239.00  1.51E-17
   1241.00  2.09E-17
   1242.00  8.20E-18
   1243.00  6.53E-19
   1244.00  1.51E-18
   1245.00  2.63E-18
   1246.00  3.49E-18
   1248.00  4.50E-18
   1251.00  5.65E-18
   1260.00  7.45E-18
   1273.00  1.00E-17
   1274.00  9.99E-18
   1277.00  1.13E-17
   1278.00  1.35E-17
   1279.00  1.31E-17
   1282.00  1.58E-17
   1286.00  2.24E-17
   1287.00  2.09E-17
   1288.00  1.43E-17
   1289.00  6.10E-18
   1290.00  1.55E-18
   1291.00  6.17E-19
   1292.00  8.24E-19
   1295.00  2.55E-18
   1298.00  3.95E-18
   1302.00  5.17E-18
   1310.00  6.75E-18
   1346.00  1.05E-17
   1378.00  1.45E-17
   1379.00  1.08E-15
   1381.00  1.65E-17
   1383.00  1.65E-17
   1391.00  1.89E-17
   1407.00  2.65E-17
   1411.00  2.70E-17
   1413.00  2.57E-17
   1415.00  2.27E-17
   1422.00  8.12E-18
   1424.00  4.51E-18
   1426.00  2.26E-18
   1428.00  1.08E-18
   1431.00  6.45E-19
   1433.00  6.60E-19
   1436.00  9.33E-19
   1438.00  1.35E-18
   1446.00  2.83E-18
   1459.00  5.11E-18
   1480.00  7.58E-18
   1619.00  1.80E-17
   1728.00  2.74E-17
   1878.00  4.31E-17
   1904.00  4.85E-17
   1917.00  1.27E-16
   1930.00  4.62E-17
   1944.00  4.78E-17
   2125.00  6.09E-17
  0
***
