       334      0.00   1494.14 B        B+           2
Cross section:
Lambda = 0.1 - 350.00 A
   Verner, D. A., Yakovlev, D. G., Band, I. M., Trzhaskovskaya, M. B. (1993)
   Atomic Data Nuclear Data Tables 55, 233.
   Verner, D. A., Yakovlev, D. G. (1995)
   Astron. Astrophys. Suppl. 109, 125.
   Verner, D. A., Ferland, G. J., Korista, K. T., Yakovlev, D. G. (1996)
   Astrophys. J. 465, 487.
Lambda = 450.70 - 1537.00 A
   TOPbase:  Photoionisation Cross Sections, 
   http://cdsweb.u-strasbg.fr/topbase/xsections.html.
Threshold:
Lambda = 1494.14 A
   Ryabtsev, A. N. (2002)
   Piv. Com.
   See:  http://physics.nist.gov/PhysRefData/Handbook/atomic_number.htm.

      0.10  4.60E-27
     10.00  1.17E-20
     20.00  8.41E-20
     30.00  2.50E-19
     40.00  5.16E-19
     50.00  8.74E-19
     60.00  1.30E-18
     63.91  1.48E-18
     63.92  6.23E-20
     70.00  7.76E-20
     80.00  1.06E-19
     90.00  1.39E-19
    100.00  1.76E-19
    110.00  2.17E-19
    120.00  2.61E-19
    130.00  3.09E-19
    140.00  3.60E-19
    150.00  4.13E-19
    160.00  4.69E-19
    170.00  5.28E-19
    180.00  5.88E-19
    190.00  6.51E-19
    200.00  7.15E-19
    210.00  7.81E-19
    220.00  8.48E-19
    230.00  9.17E-19
    240.00  9.87E-19
    250.00  1.06E-18
    260.00  1.13E-18
    270.00  1.20E-18
    280.00  1.28E-18
    290.00  1.35E-18
    300.00  1.43E-18
    310.00  1.50E-18
    320.00  1.58E-18
    330.00  1.65E-18
    340.00  1.73E-18
    350.00  1.81E-18
    360.00  1.89E-18
    370.00  1.97E-18
    380.00  2.04E-18
    390.00  2.12E-18
    400.00  2.20E-18
    410.00  2.28E-18
    420.00  2.36E-18
    430.00  2.45E-18
    440.00  2.53E-18
    450.00  2.61E-18
    450.70  3.18E-18
    459.80  2.57E-18
    469.10  2.73E-18
    478.50  2.90E-18
    503.00  3.01E-18
    503.10  3.07E-18
    503.20  3.07E-18
    503.50  3.00E-18
    503.70  3.04E-18
    503.90  3.04E-18
    504.80  3.07E-18
    505.20  3.01E-18
    506.30  3.10E-18
    506.40  3.07E-18
    508.10  3.09E-18
    508.20  3.02E-18
    508.70  3.09E-18
    512.30  3.07E-18
    512.40  3.29E-18
    513.00  2.99E-18
    513.10  3.30E-18
    513.20  3.23E-18
    513.60  3.02E-18
    514.00  3.01E-18
    514.10  3.33E-18
    514.20  3.23E-18
    514.60  3.04E-18
    515.30  3.01E-18
    515.50  3.32E-18
    515.90  3.12E-18
    517.30  3.03E-18
    517.70  3.29E-18
    518.20  3.15E-18
    518.50  3.23E-18
    518.80  3.09E-18
    519.80  3.19E-18
    520.40  3.17E-18
    521.40  3.24E-18
    527.10  3.09E-18
    529.50  3.13E-18
    530.80  3.48E-18
    533.80  3.24E-18
    534.30  3.35E-18
    535.00  3.26E-18
    535.90  3.39E-18
    537.70  3.29E-18
    546.20  3.27E-18
    548.40  3.53E-18
    552.30  3.47E-18
    591.90  3.93E-18
    592.40  3.66E-18
    592.60  3.38E-18
    592.70  3.83E-18
    592.80  4.02E-18
    592.90  3.90E-18
    593.60  3.67E-18
    593.80  3.39E-18
    593.90  3.83E-18
    594.00  4.11E-18
    594.10  3.95E-18
    594.20  3.91E-18
    595.20  3.68E-18
    595.60  3.60E-18
    595.70  4.12E-18
    596.00  3.98E-18
    597.40  3.72E-18
    598.10  3.48E-18
    598.30  3.50E-18
    598.40  4.14E-18
    598.60  4.16E-18
    598.80  3.92E-18
    598.90  4.15E-18
    599.00  3.95E-18
    601.10  3.75E-18
    602.50  3.50E-18
    602.70  3.50E-18
    603.00  4.17E-18
    603.20  4.14E-18
    603.30  4.58E-18
    603.40  4.04E-18
    603.60  3.96E-18
    603.80  4.02E-18
    604.10  3.91E-18
    607.00  4.01E-18
    607.10  4.21E-18
    607.60  3.52E-18
    607.70  4.10E-18
    607.80  4.07E-18
    607.90  4.50E-18
    608.00  4.23E-18
    608.10  4.09E-18
    608.80  3.59E-18
    609.00  4.15E-18
    609.10  4.11E-18
    609.20  4.57E-18
    609.30  4.26E-18
    610.60  3.35E-18
    610.70  3.56E-18
    611.00  4.38E-18
    611.10  4.34E-18
    611.30  4.52E-18
    611.90  4.42E-18
    612.10  4.35E-18
    612.20  4.11E-18
    612.90  3.88E-18
    613.10  4.33E-18
    613.20  4.02E-18
    613.30  3.90E-18
    613.60  4.35E-18
    613.90  4.30E-18
    614.00  4.62E-18
    614.30  4.39E-18
    617.50  3.69E-18
    618.20  4.26E-18
    618.70  4.21E-18
    619.00  4.63E-18
    619.10  4.49E-18
    619.80  4.26E-18
    619.90  4.63E-18
    620.10  4.20E-18
    625.40  3.63E-18
    626.70  4.14E-18
    627.70  4.09E-18
    628.20  4.59E-18
    628.80  4.15E-18
    629.30  4.14E-18
    629.90  4.55E-18
    630.70  4.84E-18
    631.00  4.73E-18
    633.60  4.36E-18
    634.00  4.69E-18
    634.70  4.33E-18
    642.00  4.00E-18
    645.20  4.60E-18
    647.60  4.65E-18
    648.20  4.85E-18
    650.90  4.66E-18
    684.40  4.18E-18
    687.60  4.37E-18
    691.00  5.14E-18
    700.60  5.70E-18
    715.10  5.57E-18
    715.60  5.31E-18
    715.70  5.55E-18
    715.80  6.02E-18
    715.90  5.70E-18
    717.10  5.32E-18
    717.30  5.46E-18
    717.40  1.48E-17
    717.50  5.75E-18
    719.20  5.33E-18
    719.50  5.62E-18
    719.60  5.39E-18
    719.70  6.62E-18
    719.80  5.65E-18
    722.50  5.36E-18
    722.90  5.70E-18
    723.10  5.71E-18
    723.20  5.59E-18
    727.80  5.41E-18
    728.50  6.01E-18
    728.60  5.32E-18
    728.80  5.69E-18
    728.90  5.53E-18
    737.20  5.54E-18
    738.00  6.08E-18
    738.30  7.61E-18
    738.50  5.50E-18
    738.80  5.83E-18
    739.40  5.48E-18
    751.10  5.55E-18
    756.80  5.79E-18
    757.90  6.42E-18
    759.10  5.79E-18
    760.40  6.55E-18
    761.00  5.78E-18
    761.70  5.63E-18
    813.10  6.10E-18
    817.00  6.51E-18
    819.10  6.97E-18
    821.20  8.94E-18
    825.70  6.84E-18
    828.00  6.62E-18
    852.80  6.68E-18
    976.10  8.49E-18
    976.30  8.12E-18
    976.60  7.48E-18
    976.70  6.83E-18
    976.80  5.62E-18
    976.90  3.04E-18
    977.00  1.44E-17
    977.10  1.17E-17
    977.20  1.05E-17
    977.40  9.44E-18
    978.50  8.22E-18
    978.60  8.39E-18
    978.80  8.16E-18
    979.20  7.33E-18
    979.30  7.76E-18
    979.40  6.89E-18
    979.50  5.69E-18
    979.60  4.43E-18
    979.70  2.22E-18
    979.80  1.44E-17
    979.90  1.17E-17
    980.10  1.05E-17
    980.40  9.50E-18
    981.80  8.54E-18
    982.00  8.31E-18
    982.40  8.23E-18
    983.00  7.41E-18
    983.10  7.87E-18
    983.30  6.98E-18
    983.50  5.17E-18
    983.60  2.10E-18
    983.70  1.98E-18
    983.80  1.43E-17
    984.00  1.18E-17
    984.20  1.06E-17
    984.60  9.71E-18
    986.50  8.72E-18
    987.00  8.32E-18
    987.10  8.55E-18
    987.70  8.33E-18
    988.60  7.51E-18
    988.70  8.04E-18
    989.00  7.10E-18
    989.30  5.93E-18
    989.40  4.72E-18
    989.60  2.32E-18
    989.70  1.41E-18
    989.90  1.42E-17
    990.20  1.20E-17
    990.50  1.07E-17
    991.10  9.83E-18
    994.90  8.52E-18
    995.70  8.53E-18
    997.50  7.69E-18
    997.70  8.30E-18
    998.20  7.30E-18
    998.60  6.15E-18
    998.90  4.98E-18
    999.10  2.66E-18
    999.40  7.96E-19
    999.60  1.39E-17
    999.90  1.34E-17
   1000.00  1.22E-17
   1001.00  1.10E-17
   1002.00  9.92E-18
   1009.00  8.84E-18
   1013.00  8.39E-18
   1014.00  7.84E-18
   1015.00  5.98E-18
   1016.00  1.77E-18
   1017.00  1.34E-17
   1018.00  1.26E-17
   1019.00  1.13E-17
   1021.00  1.03E-17
   1035.00  9.40E-18
   1043.00  8.59E-18
   1044.00  9.99E-18
   1045.00  8.79E-18
   1048.00  7.33E-18
   1049.00  6.34E-18
   1050.00  4.43E-18
   1051.00  7.45E-19
   1052.00  9.36E-18
   1053.00  1.42E-17
   1057.00  1.21E-17
   1062.00  1.11E-17
   1118.00  1.01E-17
   1120.00  1.06E-17
   1123.00  1.24E-17
   1125.00  1.07E-17
   1137.00  8.71E-18
   1140.00  7.51E-18
   1143.00  4.99E-18
   1147.00  4.57E-19
   1150.00  1.09E-17
   1153.00  1.48E-17
   1172.00  1.34E-17
   1226.00  1.33E-17
   1492.00  1.65E-17
   1512.00  1.78E-17
   1524.00  2.16E-17
   1537.00  4.37E-17
  0
***
