       579      0.00    354.54 F+       F^2+         2
Cross section:
Lambda = 0.1 - 180.00 A
   Verner, D. A., Yakovlev, D. G., Band, I. M., Trzhaskovskaya, M. B. (1993)
   Atomic Data Nuclear Data Tables 55, 233.
   Verner, D. A., Yakovlev, D. G. (1995)
   Astron. Astrophys. Suppl. 109, 125.
   Verner, D. A., Ferland, G. J., Korista, K. T., Yakovlev, D. G. (1996)
   Astrophys. J. 465, 487.
Lambda = 183.79 - 360.30 A
   TOPbase:  Photoionisation Cross Sections, 
   http://cdsweb.u-strasbg.fr/topbase/xsections.html.
Threshold:
Lambda = 354.54 A
   Palenius, H. P. (1969)
   Ark. Fys. 39, 15.
      
      0.10  7.76E-26
     10.00  1.03E-19
     17.40  4.02E-19
     17.41  2.52E-20
     20.00  3.65E-20
     30.00  1.05E-19
     40.00  2.15E-19
     50.00  3.67E-19
     60.00  5.60E-19
     70.00  7.94E-19
     80.00  1.07E-18
     90.00  1.38E-18
    100.00  1.72E-18
    110.00  2.09E-18
    120.00  2.49E-18
    130.00  2.92E-18
    140.00  3.37E-18
    150.00  3.84E-18
    160.00  4.32E-18
    170.00  4.81E-18
    180.00  5.32E-18
    183.79  5.47E-18
    183.92  5.21E-18
    183.93  4.76E-18
    183.94  5.91E-18
    183.95  5.83E-18
    183.97  5.70E-18
    184.33  5.27E-18
    184.35  4.86E-18
    184.36  6.88E-18
    184.37  5.92E-18
    184.38  5.95E-18
    184.40  5.73E-18
    184.91  5.33E-18
    184.95  4.95E-18
    184.96  6.96E-18
    184.97  6.48E-18
    184.98  5.77E-18
    184.99  6.05E-18
    185.02  5.76E-18
    185.79  5.39E-18
    185.86  5.05E-18
    185.88  4.33E-18
    185.89  7.20E-18
    185.90  5.95E-18
    185.91  5.79E-18
    185.92  6.09E-18
    185.98  5.78E-18
    187.27  5.39E-18
    187.34  4.98E-18
    187.36  4.50E-18
    187.38  9.85E-18
    187.40  6.30E-18
    187.42  5.82E-18
    187.44  6.08E-18
    187.54  5.85E-18
    189.86  5.50E-18
    190.00  5.06E-18
    190.04  4.51E-18
    190.07  9.01E-18
    190.11  6.34E-18
    190.15  5.92E-18
    190.18  6.22E-18
    190.37  5.99E-18
    190.38  6.18E-18
    190.77  5.86E-18
    190.82  6.02E-18
    190.83  5.85E-18
    191.30  5.83E-18
    191.47  5.99E-18
    191.48  5.83E-18
    192.31  5.84E-18
    192.46  6.04E-18
    192.47  5.84E-18
    193.93  5.87E-18
    194.05  6.09E-18
    194.07  5.85E-18
    195.19  5.76E-18
    195.56  5.36E-18
    195.69  4.57E-18
    195.72  9.65E-18
    195.75  9.03E-18
    195.78  7.43E-18
    195.81  6.82E-18
    195.91  6.16E-18
    196.00  6.46E-18
    196.63  6.19E-18
    196.90  6.36E-18
    196.98  6.18E-18
    199.44  6.18E-18
    201.81  6.27E-18
    202.90  6.50E-18
    203.08  6.31E-18
    205.22  6.42E-18
    205.23  6.41E-18
    205.74  6.42E-18
    205.75  6.44E-18
    206.47  6.34E-18
    206.49  6.49E-18
    207.62  6.43E-18
    209.43  6.39E-18
    209.48  6.68E-18
    209.50  6.53E-18
    210.04  6.50E-18
    211.30  6.24E-18
    211.66  5.62E-18
    211.74  5.58E-18
    211.78  6.67E-18
    211.82  1.15E-17
    211.85  1.28E-17
    211.89  1.05E-17
    211.93  9.22E-18
    212.01  8.07E-18
    212.21  7.21E-18
    212.91  6.96E-18
    213.05  6.58E-18
    213.10  9.24E-18
    213.15  7.39E-18
    213.24  7.15E-18
    219.67  7.02E-18
    219.77  7.45E-18
    220.09  7.55E-18
    220.53  7.30E-18
    232.77  7.48E-18
    232.85  7.06E-18
    232.94  6.46E-18
    232.97  5.80E-18
    232.98  1.05E-17
    232.99  9.15E-18
    233.00  8.34E-18
    233.03  5.89E-18
    233.04  7.66E-18
    233.05  2.86E-17
    233.06  1.01E-17
    233.07  8.99E-18
    233.08  8.45E-18
    233.12  7.84E-18
    233.36  7.22E-18
    233.55  6.61E-18
    233.60  5.67E-18
    233.61  7.50E-18
    233.62  1.12E-17
    233.64  8.44E-18
    233.67  6.94E-18
    233.70  7.25E-18
    233.71  3.13E-17
    233.72  1.56E-17
    233.73  1.10E-17
    233.74  9.68E-18
    233.75  8.74E-18
    233.80  7.97E-18
    234.06  7.36E-18
    234.11  7.46E-18
    234.43  6.67E-18
    234.50  5.76E-18
    234.51  7.31E-18
    234.53  1.09E-17
    234.55  8.83E-18
    234.56  8.25E-18
    234.63  6.65E-18
    234.65  5.74E-18
    234.66  1.22E-17
    234.67  1.63E-17
    234.68  1.79E-17
    234.70  1.14E-17
    234.71  9.87E-18
    234.72  9.20E-18
    234.74  8.58E-18
    234.82  7.97E-18
    235.25  7.35E-18
    235.26  7.84E-18
    235.28  7.38E-18
    235.68  6.86E-18
    235.80  6.16E-18
    235.83  5.98E-18
    235.85  7.91E-18
    235.86  1.03E-17
    235.88  9.51E-18
    235.91  8.28E-18
    236.05  6.66E-18
    236.09  5.83E-18
    236.11  1.98E-17
    236.13  9.90E-18
    236.14  2.19E-17
    236.16  1.20E-17
    236.18  1.01E-17
    236.20  9.35E-18
    236.24  8.67E-18
    236.35  8.04E-18
    237.01  7.45E-18
    237.06  7.11E-18
    237.08  7.46E-18
    237.62  6.98E-18
    237.77  6.24E-18
    237.80  6.51E-18
    237.83  8.28E-18
    237.85  8.99E-18
    237.93  8.10E-18
    238.33  6.80E-18
    238.42  5.93E-18
    238.45  6.76E-18
    238.48  1.19E-17
    238.52  2.10E-17
    238.55  1.22E-17
    238.58  1.02E-17
    238.61  9.42E-18
    238.67  8.73E-18
    238.90  8.07E-18
    239.34  8.03E-18
    239.45  8.93E-18
    239.49  8.98E-18
    239.52  8.54E-18
    239.63  7.92E-18
    239.94  7.94E-18
    239.98  7.18E-18
    240.14  7.54E-18
    241.10  7.42E-18
    242.26  6.87E-18
    242.54  6.12E-18
    242.65  5.16E-18
    242.71  9.71E-18
    242.77  6.66E-18
    242.83  2.33E-17
    242.89  1.14E-17
    242.95  9.03E-18
    243.01  7.38E-18
    243.07  2.48E-17
    243.13  1.12E-17
    243.19  9.80E-18
    243.25  9.26E-18
    243.38  8.75E-18
    243.96  8.12E-18
    247.79  7.63E-18
    250.17  7.04E-18
    250.79  6.24E-18
    251.04  5.33E-18
    251.17  6.45E-18
    251.30  1.43E-17
    251.43  9.45E-18
    251.56  7.66E-18
    251.70  8.62E-18
    251.83  1.72E-17
    251.97  1.94E-17
    252.10  1.26E-17
    252.24  1.09E-17
    252.38  1.02E-17
    252.81  9.25E-18
    254.02  8.60E-18
    269.90  7.89E-18
    272.88  7.20E-18
    274.09  6.23E-18
    274.50  8.27E-18
    274.92  1.40E-17
    275.35  1.10E-17
    275.78  9.52E-18
    276.67  7.66E-18
    277.13  9.36E-18
    277.59  7.18E-18
    278.06  2.83E-17
    278.54  1.78E-17
    279.02  1.27E-17
    279.51  1.13E-17
    280.52  1.03E-17
    283.75  9.53E-18
    303.85  9.22E-18
    303.86  8.10E-18
    303.87  9.23E-18
    303.88  1.41E-17
    303.89  4.76E-17
    303.90  4.75E-17
    303.91  3.11E-17
    303.92  9.39E-18
    303.93  8.44E-18
    303.95  7.73E-18
    303.98  7.33E-18
    304.58  6.71E-18
    304.66  6.21E-18
    304.68  5.54E-18
    304.69  5.41E-18
    304.70  1.70E-17
    304.71  9.92E-18
    304.72  8.63E-18
    304.73  8.15E-18
    304.75  7.78E-18
    304.80  7.83E-18
    304.82  8.49E-18
    304.83  9.57E-18
    304.84  1.30E-17
    304.86  3.58E-17
    304.87  7.10E-17
    304.88  1.34E-16
    304.89  1.30E-17
    304.90  9.63E-18
    304.91  8.55E-18
    304.94  7.78E-18
    304.98  7.35E-18
    305.42  6.97E-18
    305.89  6.56E-18
    305.95  6.03E-18
    305.98  5.17E-18
    305.99  2.04E-17
    306.01  1.06E-17
    306.03  8.82E-18
    306.04  8.23E-18
    306.07  7.80E-18
    306.14  7.80E-18
    306.17  8.39E-18
    306.18  9.33E-18
    306.20  1.22E-17
    306.22  2.89E-17
    306.23  1.02E-16
    306.25  3.55E-16
    306.27  1.40E-17
    306.28  9.88E-18
    306.30  8.68E-18
    306.33  7.84E-18
    306.42  7.33E-18
    307.71  6.62E-18
    307.82  6.08E-18
    307.87  5.22E-18
    307.89  1.56E-17
    307.92  1.17E-17
    307.94  9.09E-18
    307.96  8.35E-18
    307.99  8.01E-18
    308.08  7.71E-18
    308.15  8.30E-18
    308.18  9.13E-18
    308.20  1.16E-17
    308.23  2.48E-17
    308.25  1.28E-16
    308.28  1.20E-16
    308.30  1.49E-17
    308.33  1.01E-17
    308.35  8.80E-18
    308.40  7.90E-18
    308.53  7.36E-18
    310.51  6.67E-18
    310.73  6.13E-18
    310.80  5.35E-18
    310.84  7.60E-18
    310.88  1.38E-17
    310.92  9.53E-18
    310.95  8.51E-18
    310.99  8.10E-18
    311.15  7.69E-18
    311.26  8.21E-18
    311.30  8.97E-18
    311.34  1.12E-17
    311.38  2.29E-17
    311.42  1.38E-16
    311.46  9.38E-17
    311.50  1.54E-17
    311.55  1.03E-17
    311.59  8.93E-18
    311.67  7.98E-18
    311.92  7.37E-18
    315.17  6.71E-18
    315.62  6.18E-18
    315.75  5.51E-18
    315.81  5.39E-18
    315.88  1.92E-17
    315.94  1.04E-17
    316.01  8.80E-18
    316.15  7.94E-18
    316.35  7.68E-18
    316.56  8.13E-18
    316.63  8.86E-18
    316.70  1.11E-17
    316.77  2.30E-17
    316.84  1.35E-16
    316.92  1.91E-16
    316.99  1.56E-17
    317.06  1.06E-17
    317.13  9.13E-18
    317.28  8.13E-18
    317.73  7.46E-18
    320.88  6.10E-18
    320.89  6.10E-18
    320.90  5.14E-16
    320.91  7.75E-18
    320.92  1.15E-17
    320.93  2.58E-17
    320.94  1.12E-16
    320.95  3.55E-18
    320.96  1.89E-19
    320.97  3.00E-19
    320.98  7.71E-19
    321.00  1.33E-18
    321.02  1.61E-18
    321.07  2.02E-18
    321.16  2.37E-18
    321.63  3.13E-18
    321.75  3.56E-18
    321.79  3.99E-18
    321.80  4.42E-18
    321.81  6.49E-18
    321.83  1.17E-18
    321.84  2.74E-18
    321.85  3.16E-18
    321.92  4.40E-18
    321.95  5.21E-18
    321.96  6.10E-18
    321.97  6.90E-17
    321.99  7.71E-18
    322.00  1.13E-17
    322.01  2.50E-17
    322.02  1.12E-16
    322.04  3.16E-18
    322.05  1.64E-19
    322.06  3.51E-19
    322.08  7.02E-19
    322.09  1.00E-18
    322.10  1.24E-18
    322.11  1.43E-18
    322.14  1.71E-18
    322.21  2.11E-18
    322.33  2.46E-18
    322.89  3.11E-18
    323.15  3.58E-18
    323.22  4.02E-18
    323.24  4.39E-18
    323.26  5.96E-18
    323.27  1.26E-18
    323.29  2.92E-18
    323.31  3.32E-18
    323.41  4.51E-18
    323.45  5.29E-18
    323.47  6.16E-18
    323.49  3.44E-17
    323.50  7.71E-18
    323.52  1.12E-17
    323.54  2.48E-17
    323.56  1.05E-16
    323.58  2.30E-18
    323.59  1.47E-19
    323.61  4.62E-19
    323.63  8.50E-19
    323.65  1.16E-18
    323.69  1.60E-18
    323.73  1.88E-18
    323.80  2.23E-18
    323.98  2.62E-18
    325.04  3.57E-18
    325.29  4.05E-18
    325.35  4.44E-18
    325.37  5.50E-18
    325.40  2.47E-18
    325.42  3.58E-18
    325.45  3.86E-18
    325.58  4.68E-18
    325.66  5.62E-18
    325.69  6.46E-18
    325.72  2.67E-17
    325.75  7.87E-18
    325.77  1.12E-17
    325.80  2.58E-17
    325.83  5.11E-17
    325.86  3.69E-19
    325.88  4.67E-19
    325.91  1.10E-18
    325.94  1.57E-18
    325.97  1.92E-18
    326.03  2.40E-18
    326.11  2.84E-18
    326.47  3.89E-18
    326.76  4.92E-18
    326.92  6.11E-18
    327.02  7.54E-18
    327.09  9.32E-18
    327.12  1.08E-17
    327.16  1.29E-17
    327.19  1.65E-17
    327.22  2.33E-17
    327.26  3.95E-17
    327.29  9.96E-17
    327.33  3.32E-16
    327.36  5.03E-17
    327.40  9.48E-18
    327.43  2.49E-18
    327.47  7.27E-19
    327.51  2.73E-19
    327.54  2.31E-19
    327.58  3.32E-19
    327.76  1.10E-18
    327.91  1.57E-18
    328.26  2.38E-18
    328.50  3.06E-18
    328.58  3.54E-18
    328.62  4.02E-18
    328.66  5.20E-18
    328.71  1.46E-17
    328.75  3.02E-19
    328.79  1.56E-18
    328.83  2.17E-18
    328.87  2.54E-18
    329.05  3.70E-18
    329.14  4.64E-18
    329.18  5.61E-18
    329.22  2.80E-17
    329.27  7.56E-18
    329.31  1.16E-17
    329.36  2.68E-17
    329.40  1.38E-16
    329.45  7.32E-18
    329.50  5.96E-19
    329.54  1.61E-19
    329.59  3.25E-19
    329.68  7.58E-19
    329.73  9.35E-19
    329.87  1.33E-18
    330.11  1.71E-18
    330.57  2.09E-18
    331.84  2.60E-18
    333.58  3.23E-18
    334.00  3.66E-18
    334.15  4.13E-18
    334.22  4.86E-18
    334.29  1.28E-17
    334.37  1.64E-18
    334.44  2.70E-18
    334.52  3.10E-18
    334.90  4.26E-18
    335.06  5.13E-18
    335.14  6.09E-18
    335.22  8.74E-17
    335.30  7.97E-18
    335.38  1.26E-17
    335.46  3.55E-17
    335.54  5.07E-17
    335.62  1.26E-18
    335.71  1.61E-19
    335.79  4.55E-19
    335.87  7.91E-19
    335.96  1.07E-18
    336.13  1.46E-18
    336.30  1.72E-18
    336.75  2.11E-18
    337.68  2.48E-18
    342.42  3.26E-18
    344.22  3.76E-18
    344.66  4.18E-18
    344.81  4.60E-18
    344.96  7.00E-18
    345.11  2.02E-18
    345.26  3.19E-18
    345.42  3.55E-18
    346.21  4.63E-18
    346.54  5.51E-18
    346.71  6.66E-18
    346.87  1.98E-17
    347.04  8.81E-18
    347.21  1.66E-17
    347.38  1.30E-16
    347.56  1.00E-18
    347.73  3.64E-19
    347.91  1.01E-18
    348.08  1.50E-18
    348.26  1.86E-18
    348.63  2.35E-18
    350.34  3.75E-18
    350.94  4.51E-18
    351.35  5.47E-18
    351.56  6.33E-18
    351.77  7.78E-18
    351.98  1.08E-17
    352.20  2.01E-17
    352.41  1.16E-16
    352.63  2.24E-17
    352.85  1.08E-18
    353.08  2.35E-19
    353.30  4.54E-19
    353.53  7.48E-19
    353.76  1.01E-18
    353.99  1.22E-18
    354.46  1.54E-18
    355.16  1.86E-18
    356.60  2.24E-18
    360.30  2.71E-18
  0
***
