      3406      0.00    765.91 Fe+      Fe^2+        2
Cross section:
Lambda = 0.1 - 370.00 A
   Verner, D. A., Yakovlev, D. G., Band, I. M., Trzhaskovskaya, M. B. (1993)
   Atomic Data Nuclear Data Tables 55, 233.
   Verner, D. A., Yakovlev, D. G. (1995)
   Astron. Astrophys. Suppl. 109, 125.
   Verner, D. A., Ferland, G. J., Korista, K. T., Yakovlev, D. G. (1996)
   Astrophys. J. 465, 487.
Lambda = 374.50 - 803.80 A
   Nahar, S. N.,
   NORAD:  Photoionisation Cross Sections, 
   http://www.astronomy.ohio-state.edu/~nahar/nahar_radiativeatomicdata/index.html.
Threshold:
Lambda = 765.91 A
   Sugar, J., Corliss, C. (1985)
   J. Phys. Chem. Ref. Data 14, Suppl. 2.

      0.10  9.65E-24
      1.74  3.77E-20
      1.75  4.80E-21
     10.00  5.05E-19
     14.40  1.18E-18
     14.41  1.04E-18
     16.89  1.48E-18
     16.90  1.83E-19
     20.00  2.65E-19
     30.00  6.19E-19
     40.00  1.08E-18
     50.00  1.62E-18
     60.00  2.21E-18
     70.00  2.80E-18
     80.00  3.40E-18
     90.00  3.97E-18
    100.00  4.52E-18
    110.00  5.03E-18
    112.51  5.16E-18
    112.52  4.83E-18
    120.00  5.20E-18
    130.00  5.70E-18
    140.00  6.20E-18
    150.00  6.73E-18
    160.00  7.31E-18
    162.77  7.49E-18
    162.78  6.65E-18
    170.00  7.05E-18
    180.00  7.60E-18
    190.00  8.14E-18
    200.00  8.65E-18
    210.00  9.14E-18
    220.00  9.60E-18
    230.00  1.00E-17
    240.00  1.04E-17
    250.00  1.07E-17
    260.00  1.10E-17
    270.00  1.13E-17
    280.00  1.15E-17
    290.00  1.16E-17
    300.00  1.17E-17
    310.00  1.17E-17
    320.00  1.16E-17
    330.00  1.14E-17
    340.00  1.11E-17
    350.00  1.09E-17
    360.00  1.05E-17
    370.00  1.00E-17
    374.50  9.28E-18
    374.60  9.27E-18
    374.70  9.26E-18
    374.80  9.25E-18
    374.90  9.24E-18
    375.00  9.24E-18
    375.10  9.24E-18
    375.20  9.24E-18
    375.30  9.24E-18
    375.40  9.24E-18
    375.50  9.24E-18
    375.60  9.24E-18
    375.70  9.24E-18
    375.80  9.24E-18
    375.90  9.24E-18
    376.00  9.24E-18
    376.10  9.23E-18
    376.20  9.23E-18
    376.30  9.23E-18
    376.40  9.23E-18
    376.50  9.23E-18
    376.60  9.23E-18
    376.70  9.23E-18
    376.80  9.23E-18
    376.90  9.23E-18
    377.00  9.23E-18
    377.10  9.23E-18
    377.20  9.23E-18
    377.30  9.23E-18
    377.40  9.23E-18
    377.50  9.23E-18
    377.60  9.23E-18
    377.70  9.23E-18
    377.80  9.23E-18
    377.90  9.23E-18
    378.00  9.23E-18
    378.10  9.23E-18
    378.20  9.23E-18
    378.30  9.23E-18
    378.40  9.23E-18
    378.50  9.23E-18
    378.60  9.22E-18
    378.70  9.22E-18
    378.80  9.22E-18
    378.90  9.22E-18
    379.00  9.22E-18
    379.10  9.22E-18
    379.20  9.22E-18
    379.30  9.22E-18
    379.40  9.22E-18
    379.50  9.22E-18
    379.60  9.22E-18
    379.70  9.22E-18
    379.80  9.22E-18
    379.90  9.22E-18
    380.00  9.22E-18
    380.10  9.22E-18
    380.20  9.22E-18
    380.30  9.22E-18
    380.40  9.22E-18
    380.50  9.22E-18
    380.60  9.22E-18
    380.70  9.21E-18
    380.80  9.21E-18
    380.90  9.21E-18
    381.00  9.21E-18
    381.10  9.21E-18
    381.20  9.21E-18
    381.30  9.21E-18
    381.40  9.21E-18
    381.50  9.21E-18
    381.60  9.21E-18
    381.70  9.21E-18
    381.80  9.21E-18
    381.90  9.21E-18
    382.00  9.20E-18
    382.10  9.29E-18
    382.20  9.24E-18
    382.30  8.73E-18
    382.40  9.30E-18
    382.50  9.31E-18
    382.60  9.30E-18
    382.70  9.30E-18
    382.80  9.30E-18
    382.90  9.34E-18
    383.00  9.29E-18
    383.10  9.03E-18
    383.20  9.09E-18
    383.30  9.32E-18
    383.40  9.24E-18
    383.50  9.27E-18
    383.60  9.24E-18
    383.70  9.29E-18
    383.80  9.25E-18
    383.90  9.28E-18
    384.00  9.29E-18
    384.10  9.29E-18
    384.20  8.55E-18
    384.30  9.30E-18
    384.40  9.24E-18
    384.50  9.04E-18
    384.60  9.29E-18
    384.70  9.29E-18
    384.80  8.66E-18
    384.90  9.27E-18
    385.00  9.29E-18
    385.10  9.29E-18
    385.20  8.74E-18
    385.30  9.14E-18
    385.40  9.28E-18
    385.50  9.29E-18
    385.60  9.29E-18
    385.70  9.25E-18
    385.80  8.53E-18
    385.90  9.43E-18
    386.00  9.28E-18
    386.10  9.29E-18
    386.20  9.29E-18
    386.30  9.26E-18
    386.40  8.80E-18
    386.50  8.97E-18
    386.60  9.37E-18
    386.70  9.27E-18
    386.80  9.28E-18
    386.90  9.28E-18
    387.00  9.28E-18
    387.10  9.27E-18
    387.20  9.21E-18
    387.30  8.93E-18
    387.40  8.77E-18
    387.50  9.48E-18
    387.60  9.26E-18
    387.70  9.27E-18
    387.80  9.28E-18
    387.90  9.28E-18
    388.00  9.28E-18
    388.10  9.27E-18
    388.20  9.26E-18
    388.30  9.20E-18
    388.40  9.02E-18
    388.50  8.54E-18
    388.60  9.25E-18
    388.70  9.32E-18
    388.80  9.23E-18
    388.90  9.26E-18
    389.00  9.27E-18
    389.10  9.27E-18
    389.20  9.27E-18
    389.30  9.27E-18
    389.40  9.27E-18
    389.50  9.27E-18
    389.60  9.26E-18
    389.70  9.25E-18
    389.80  9.17E-18
    389.90  8.53E-18
    390.00  9.04E-18
    390.10  8.35E-18
    390.20  9.18E-18
    390.30  9.29E-18
    390.40  9.20E-18
    390.50  9.24E-18
    390.60  9.25E-18
    390.70  9.25E-18
    390.80  9.26E-18
    390.90  9.26E-18
    391.00  9.26E-18
    391.10  9.26E-18
    391.20  9.26E-18
    391.30  9.26E-18
    391.40  9.26E-18
    391.50  9.25E-18
    391.60  9.25E-18
    391.70  9.24E-18
    391.80  9.23E-18
    391.90  9.20E-18
    392.00  8.99E-18
    392.10  8.45E-18
    392.20  8.83E-18
    392.30  8.20E-18
    392.40  8.95E-18
    392.50  9.21E-18
    392.60  9.56E-18
    392.70  9.12E-18
    392.80  9.19E-18
    392.90  9.21E-18
    393.00  9.23E-18
    393.10  9.23E-18
    393.20  9.24E-18
    393.30  9.24E-18
    393.40  9.24E-18
    393.50  9.24E-18
    393.60  9.24E-18
    393.70  9.24E-18
    393.80  9.24E-18
    393.90  9.24E-18
    394.00  9.24E-18
    394.10  9.24E-18
    394.20  9.24E-18
    394.30  9.24E-18
    394.40  9.23E-18
    394.50  9.23E-18
    394.60  9.23E-18
    394.70  9.22E-18
    394.80  9.21E-18
    394.90  9.19E-18
    395.00  9.17E-18
    395.10  9.08E-18
    395.20  8.80E-18
    395.30  8.81E-18
    395.40  8.98E-18
    395.50  8.55E-18
    395.60  8.03E-18
    395.70  8.56E-18
    395.80  9.06E-18
    395.90  9.20E-18
    396.00  9.30E-18
    396.10  9.66E-18
    396.20  9.09E-18
    396.30  9.15E-18
    396.40  9.17E-18
    396.50  9.18E-18
    396.60  9.20E-18
    396.70  9.20E-18
    396.80  9.21E-18
    396.90  9.21E-18
    397.00  9.21E-18
    397.10  9.21E-18
    397.20  9.21E-18
    397.30  9.21E-18
    397.40  9.21E-18
    397.50  9.21E-18
    397.60  9.21E-18
    397.70  9.21E-18
    397.80  9.21E-18
    397.90  9.21E-18
    398.00  9.21E-18
    398.10  9.21E-18
    398.20  9.21E-18
    398.30  9.21E-18
    398.40  9.21E-18
    398.50  9.21E-18
    398.60  9.20E-18
    398.70  9.20E-18
    398.80  9.20E-18
    398.90  9.20E-18
    399.00  9.20E-18
    399.10  9.20E-18
    399.20  9.19E-18
    399.30  9.19E-18
    399.40  9.18E-18
    399.50  9.18E-18
    399.60  9.17E-18
    399.70  9.16E-18
    399.80  9.14E-18
    399.90  9.10E-18
    400.00  9.03E-18
    400.10  8.86E-18
    400.20  8.69E-18
    400.30  8.52E-18
    400.40  9.14E-18
    400.50  8.89E-18
    400.60  8.58E-18
    400.70  8.24E-18
    400.80  7.93E-18
    400.90  8.14E-18
    401.00  8.66E-18
    401.10  8.90E-18
    401.20  9.04E-18
    401.30  9.15E-18
    401.40  9.24E-18
    401.50  9.34E-18
    401.60  9.63E-18
    401.70  9.26E-18
    401.80  9.03E-18
    401.90  9.07E-18
    402.00  9.10E-18
    402.10  9.12E-18
    402.20  9.13E-18
    402.30  9.14E-18
    402.40  9.15E-18
    402.50  9.15E-18
    402.60  9.15E-18
    402.70  9.15E-18
    402.80  9.16E-18
    402.90  9.16E-18
    403.00  9.16E-18
    403.10  9.22E-18
    403.20  9.25E-18
    403.30  9.33E-18
    403.40  9.27E-18
    403.50  9.26E-18
    403.60  9.26E-18
    403.70  9.11E-18
    403.80  9.25E-18
    403.90  9.27E-18
    404.00  9.27E-18
    404.10  8.74E-18
    404.20  9.26E-18
    404.30  9.07E-18
    404.40  8.66E-18
    404.50  9.12E-18
    404.60  9.26E-18
    404.70  9.47E-18
    404.80  9.25E-18
    404.90  9.22E-18
    405.00  8.92E-18
    405.10  9.24E-18
    405.20  9.25E-18
    405.30  9.12E-18
    405.40  9.26E-18
    405.50  9.02E-18
    405.60  9.39E-18
    405.70  9.26E-18
    405.80  9.20E-18
    405.90  8.62E-18
    406.00  9.25E-18
    406.10  9.26E-18
    406.20  8.94E-18
    406.30  9.15E-18
    406.40  9.24E-18
    406.50  9.25E-18
    406.60  9.23E-18
    406.70  8.69E-18
    406.80  9.07E-18
    406.90  9.23E-18
    407.00  9.25E-18
    407.10  9.25E-18
    407.20  9.19E-18
    407.30  8.37E-18
    407.40  9.43E-18
    407.50  9.20E-18
    407.60  9.24E-18
    407.70  9.24E-18
    407.80  9.23E-18
    407.90  9.12E-18
    408.00  8.63E-18
    408.10  8.69E-18
    408.20  9.27E-18
    408.30  9.19E-18
    408.40  9.12E-18
    408.50  8.95E-18
    408.60  8.76E-18
    408.70  8.69E-18
    408.80  8.64E-18
    408.90  9.08E-18
    409.00  9.45E-18
    409.10  8.47E-18
    409.20  9.01E-18
    409.30  8.73E-18
    409.40  8.66E-18
    409.50  8.50E-18
    409.60  8.33E-18
    409.70  8.12E-18
    409.80  7.90E-18
    409.90  7.86E-18
    410.00  8.00E-18
    410.10  8.30E-18
    410.20  8.43E-18
    410.30  8.15E-18
    410.40  8.42E-18
    410.50  9.28E-18
    410.60  8.92E-18
    410.70  9.09E-18
    410.80  9.15E-18
    410.90  9.20E-18
    411.00  9.27E-18
    411.10  9.34E-18
    411.20  9.46E-18
    411.30  9.92E-18
    411.40  9.73E-18
    411.50  9.09E-18
    411.60  8.33E-18
    411.70  9.25E-18
    411.80  9.28E-18
    411.90  8.63E-18
    412.00  7.98E-18
    412.10  8.39E-18
    412.20  8.51E-18
    412.30  9.43E-18
    412.40  9.22E-18
    412.50  9.44E-18
    412.60  9.22E-18
    412.70  9.24E-18
    412.80  9.31E-18
    412.90  9.27E-18
    413.00  9.29E-18
    413.10  9.34E-18
    413.20  8.93E-18
    413.30  9.35E-18
    413.40  9.33E-18
    413.50  8.98E-18
    413.60  9.32E-18
    413.70  9.39E-18
    413.80  8.42E-18
    413.90  9.36E-18
    414.00  9.12E-18
    414.10  9.29E-18
    414.20  9.43E-18
    414.30  8.83E-18
    414.40  9.03E-18
    414.50  8.21E-18
    414.60  8.51E-18
    414.70  9.10E-18
    414.80  8.61E-18
    414.90  9.66E-18
    415.00  9.17E-18
    415.10  9.23E-18
    415.20  9.15E-18
    415.30  7.19E-18
    415.40  9.77E-18
    415.50  9.31E-18
    415.60  9.33E-18
    415.70  9.34E-18
    415.80  9.32E-18
    415.90  7.43E-18
    416.00  9.37E-18
    416.10  9.29E-18
    416.20  9.33E-18
    416.30  9.35E-18
    416.40  9.37E-18
    416.50  9.39E-18
    416.60  8.92E-18
    416.70  8.53E-18
    416.80  9.34E-18
    416.90  9.27E-18
    417.00  9.32E-18
    417.10  9.35E-18
    417.20  9.38E-18
    417.30  9.42E-18
    417.40  9.45E-18
    417.50  9.17E-18
    417.60  8.07E-18
    417.70  7.55E-18
    417.80  9.23E-18
    417.90  8.92E-18
    418.00  8.48E-18
    418.10  8.45E-18
    418.20  8.36E-18
    418.30  8.24E-18
    418.40  8.97E-18
    418.50  9.20E-18
    418.60  9.28E-18
    418.70  9.35E-18
    418.80  9.63E-18
    418.90  8.93E-18
    419.00  7.30E-18
    419.10  8.23E-18
    419.20  9.44E-18
    419.30  9.15E-18
    419.40  9.20E-18
    419.50  9.24E-18
    419.60  9.27E-18
    419.70  9.29E-18
    419.80  9.30E-18
    419.90  9.31E-18
    420.00  9.28E-18
    420.10  9.30E-18
    420.20  9.40E-18
    420.30  9.40E-18
    420.40  9.22E-18
    420.50  9.15E-18
    420.60  9.50E-18
    420.70  8.18E-18
    420.80  8.43E-18
    420.90  7.80E-18
    421.00  9.22E-18
    421.10  9.65E-18
    421.20  9.64E-18
    421.30  9.17E-18
    421.40  9.27E-18
    421.50  9.42E-18
    421.60  9.44E-18
    421.70  9.35E-18
    421.80  9.31E-18
    421.90  9.43E-18
    422.00  9.35E-18
    422.10  9.46E-18
    422.20  9.30E-18
    422.30  9.51E-18
    422.40  9.52E-18
    422.50  9.50E-18
    422.60  9.54E-18
    422.70  8.74E-18
    422.80  9.20E-18
    422.90  8.60E-18
    423.00  7.82E-18
    423.10  8.24E-18
    423.20  7.65E-18
    423.30  7.89E-18
    423.40  7.94E-18
    423.50  7.45E-18
    423.60  8.50E-18
    423.70  8.91E-18
    423.80  8.86E-18
    423.90  8.43E-18
    424.00  8.04E-18
    424.10  7.84E-18
    424.20  8.04E-18
    424.30  8.54E-18
    424.40  8.86E-18
    424.50  9.18E-18
    424.60  9.16E-18
    424.70  9.29E-18
    424.80  9.61E-18
    424.90  9.90E-18
    425.00  1.05E-17
    425.10  9.41E-18
    425.20  8.99E-18
    425.30  8.92E-18
    425.40  8.68E-18
    425.50  8.92E-18
    425.60  8.93E-18
    425.70  8.94E-18
    425.80  8.93E-18
    425.90  8.80E-18
    426.00  8.73E-18
    426.10  8.74E-18
    426.20  8.74E-18
    426.30  8.70E-18
    426.40  8.27E-18
    426.50  8.50E-18
    426.60  8.64E-18
    426.70  8.58E-18
    426.80  8.44E-18
    426.90  7.30E-18
    427.00  6.70E-18
    427.10  7.65E-18
    427.20  7.33E-18
    427.30  6.32E-18
    427.40  7.06E-18
    427.50  7.97E-18
    427.60  8.28E-18
    427.70  8.36E-18
    427.80  8.51E-18
    427.90  8.86E-18
    428.00  8.09E-18
    428.10  8.06E-18
    428.20  8.18E-18
    428.30  8.31E-18
    428.40  8.44E-18
    428.50  8.55E-18
    428.60  8.65E-18
    428.70  8.73E-18
    428.80  8.80E-18
    428.90  8.86E-18
    429.00  8.91E-18
    429.10  8.95E-18
    429.20  8.98E-18
    429.30  9.02E-18
    429.40  9.06E-18
    429.50  9.11E-18
    429.60  9.22E-18
    429.70  9.00E-18
    429.80  8.90E-18
    429.90  9.11E-18
    430.00  9.12E-18
    430.10  9.14E-18
    430.20  9.16E-18
    430.30  9.18E-18
    430.40  9.21E-18
    430.50  9.24E-18
    430.60  9.27E-18
    430.70  9.32E-18
    430.80  9.39E-18
    430.90  9.51E-18
    431.00  9.71E-18
    431.10  1.02E-17
    431.20  1.15E-17
    431.30  1.04E-17
    431.40  9.16E-18
    431.50  9.07E-18
    431.60  9.08E-18
    431.70  9.11E-18
    431.80  9.12E-18
    431.90  9.04E-18
    432.00  8.83E-18
    432.10  8.58E-18
    432.20  8.41E-18
    432.30  8.24E-18
    432.40  8.04E-18
    432.50  8.61E-18
    432.60  8.43E-18
    432.70  8.20E-18
    432.80  7.65E-18
    432.90  7.90E-18
    433.00  7.69E-18
    433.10  7.64E-18
    433.20  7.60E-18
    433.30  7.28E-18
    433.40  7.04E-18
    433.50  7.68E-18
    433.60  8.57E-18
    433.70  7.98E-18
    433.80  6.99E-18
    433.90  6.94E-18
    434.00  7.56E-18
    434.10  8.21E-18
    434.20  8.54E-18
    434.30  9.20E-18
    434.40  9.05E-18
    434.50  7.75E-18
    434.60  8.01E-18
    434.70  8.37E-18
    434.80  8.63E-18
    434.90  8.75E-18
    435.00  8.87E-18
    435.10  8.96E-18
    435.20  9.03E-18
    435.30  9.09E-18
    435.40  9.15E-18
    435.50  9.21E-18
    435.60  9.31E-18
    435.70  9.46E-18
    435.80  9.82E-18
    435.90  1.03E-17
    436.00  9.36E-18
    436.10  9.13E-18
    436.20  8.93E-18
    436.30  8.64E-18
    436.40  8.70E-18
    436.50  8.73E-18
    436.60  8.95E-18
    436.70  8.97E-18
    436.80  8.98E-18
    436.90  8.98E-18
    437.00  8.99E-18
    437.10  8.99E-18
    437.20  9.00E-18
    437.30  9.00E-18
    437.40  9.01E-18
    437.50  9.01E-18
    437.60  9.02E-18
    437.70  9.02E-18
    437.80  9.03E-18
    437.90  9.03E-18
    438.00  9.03E-18
    438.10  9.03E-18
    438.20  9.04E-18
    438.30  9.04E-18
    438.40  9.04E-18
    438.50  9.04E-18
    438.60  9.05E-18
    438.70  9.05E-18
    438.80  9.05E-18
    438.90  9.06E-18
    439.00  9.06E-18
    439.10  9.06E-18
    439.20  9.06E-18
    439.30  9.07E-18
    439.40  9.07E-18
    439.50  9.07E-18
    439.60  9.08E-18
    439.70  9.08E-18
    439.80  9.08E-18
    439.90  9.09E-18
    440.00  9.09E-18
    440.10  9.09E-18
    440.20  9.10E-18
    440.30  9.10E-18
    440.40  9.11E-18
    440.50  9.11E-18
    440.60  9.12E-18
    440.70  9.12E-18
    440.80  9.12E-18
    440.90  9.13E-18
    441.00  9.12E-18
    441.10  9.12E-18
    441.20  9.10E-18
    441.30  9.07E-18
    441.40  9.03E-18
    441.50  8.95E-18
    441.60  8.83E-18
    441.70  8.68E-18
    441.80  8.56E-18
    441.90  8.50E-18
    442.00  8.51E-18
    442.10  8.53E-18
    442.20  8.55E-18
    442.30  8.50E-18
    442.40  8.35E-18
    442.50  8.15E-18
    442.60  8.19E-18
    442.70  8.34E-18
    442.80  8.39E-18
    442.90  8.26E-18
    443.00  7.93E-18
    443.10  7.82E-18
    443.20  7.54E-18
    443.30  7.27E-18
    443.40  6.72E-18
    443.50  6.82E-18
    443.60  7.60E-18
    443.70  7.08E-18
    443.80  6.65E-18
    443.90  6.28E-18
    444.00  6.64E-18
    444.10  7.17E-18
    444.20  7.52E-18
    444.30  7.98E-18
    444.40  8.35E-18
    444.50  8.59E-18
    444.60  8.76E-18
    444.70  8.87E-18
    444.80  8.96E-18
    444.90  9.00E-18
    445.00  9.07E-18
    445.10  9.14E-18
    445.20  9.22E-18
    445.30  9.34E-18
    445.40  9.45E-18
    445.50  9.75E-18
    445.60  1.03E-17
    445.70  1.10E-17
    445.80  9.95E-18
    445.90  9.17E-18
    446.00  8.86E-18
    446.10  8.79E-18
    446.20  8.79E-18
    446.30  8.80E-18
    446.40  8.81E-18
    446.50  8.82E-18
    446.60  8.83E-18
    446.70  8.84E-18
    446.80  8.85E-18
    446.90  8.87E-18
    447.00  8.87E-18
    447.10  8.88E-18
    447.20  8.89E-18
    447.30  8.89E-18
    447.40  8.90E-18
    447.50  8.90E-18
    447.60  8.91E-18
    447.70  8.91E-18
    447.80  8.92E-18
    447.90  8.92E-18
    448.00  8.93E-18
    448.10  8.93E-18
    448.20  8.94E-18
    448.30  8.94E-18
    448.40  8.95E-18
    448.50  8.95E-18
    448.60  8.96E-18
    448.70  8.96E-18
    448.80  8.97E-18
    448.90  8.97E-18
    449.00  8.98E-18
    449.10  8.98E-18
    449.20  8.99E-18
    449.30  9.00E-18
    449.40  9.01E-18
    449.50  9.02E-18
    449.60  9.03E-18
    449.70  9.04E-18
    449.80  9.05E-18
    449.90  9.06E-18
    450.00  9.08E-18
    450.10  9.10E-18
    450.20  9.12E-18
    450.30  9.15E-18
    450.40  9.16E-18
    450.50  9.18E-18
    450.60  9.19E-18
    450.70  9.19E-18
    450.80  9.16E-18
    450.90  9.10E-18
    451.00  9.04E-18
    451.10  8.99E-18
    451.20  8.96E-18
    451.30  8.93E-18
    451.40  8.90E-18
    451.50  8.86E-18
    451.60  8.76E-18
    451.70  8.62E-18
    451.80  8.47E-18
    451.90  8.35E-18
    452.00  8.28E-18
    452.10  8.20E-18
    452.20  8.13E-18
    452.30  8.07E-18
    452.40  7.99E-18
    452.50  7.91E-18
    452.60  7.83E-18
    452.70  7.75E-18
    452.80  7.71E-18
    452.90  7.68E-18
    453.00  7.66E-18
    453.10  7.65E-18
    453.20  7.64E-18
    453.30  7.71E-18
    453.40  7.85E-18
    453.50  7.96E-18
    453.60  7.78E-18
    453.70  8.01E-18
    453.80  8.17E-18
    453.90  8.12E-18
    454.00  7.88E-18
    454.10  7.89E-18
    454.20  7.89E-18
    454.30  7.81E-18
    454.40  7.70E-18
    454.50  7.64E-18
    454.60  7.65E-18
    454.70  7.76E-18
    454.80  7.94E-18
    454.90  8.11E-18
    455.00  8.20E-18
    455.10  8.31E-18
    455.20  8.40E-18
    455.30  8.44E-18
    455.40  8.49E-18
    455.50  8.53E-18
    455.60  8.55E-18
    455.70  8.58E-18
    455.80  8.61E-18
    455.90  8.62E-18
    456.00  8.64E-18
    456.10  8.66E-18
    456.20  8.67E-18
    456.30  8.68E-18
    456.40  8.69E-18
    456.50  8.70E-18
    456.60  8.72E-18
    456.70  8.73E-18
    456.80  8.74E-18
    456.90  8.75E-18
    457.00  8.77E-18
    457.10  8.79E-18
    457.20  8.81E-18
    457.30  8.82E-18
    457.40  8.85E-18
    457.50  8.89E-18
    457.60  8.93E-18
    457.70  9.01E-18
    457.80  9.15E-18
    457.90  9.31E-18
    458.00  9.78E-18
    458.10  1.05E-17
    458.20  1.05E-17
    458.30  9.65E-18
    458.40  9.10E-18
    458.50  8.97E-18
    458.60  8.87E-18
    458.70  8.83E-18
    458.80  8.82E-18
    458.90  8.81E-18
    459.00  8.81E-18
    459.10  8.81E-18
    459.20  8.81E-18
    459.30  8.81E-18
    459.40  8.82E-18
    459.50  8.82E-18
    459.60  8.82E-18
    459.70  8.82E-18
    459.80  8.82E-18
    459.90  8.82E-18
    460.00  8.82E-18
    460.10  8.81E-18
    460.20  8.79E-18
    460.30  8.78E-18
    460.40  8.77E-18
    460.50  8.74E-18
    460.60  8.70E-18
    460.70  8.68E-18
    460.80  8.63E-18
    460.90  8.58E-18
    461.00  8.55E-18
    461.10  8.51E-18
    461.20  8.47E-18
    461.30  8.44E-18
    461.40  8.39E-18
    461.50  8.33E-18
    461.60  8.28E-18
    461.70  8.20E-18
    461.80  8.11E-18
    461.90  8.05E-18
    462.00  7.96E-18
    462.10  7.89E-18
    462.20  7.85E-18
    462.30  7.79E-18
    462.40  7.73E-18
    462.50  7.69E-18
    462.60  7.65E-18
    462.70  7.58E-18
    462.80  7.51E-18
    462.90  7.45E-18
    463.00  7.36E-18
    463.10  7.27E-18
    463.20  7.23E-18
    463.30  7.21E-18
    463.40  7.18E-18
    463.50  7.15E-18
    463.60  7.05E-18
    463.70  6.91E-18
    463.80  6.82E-18
    463.90  6.77E-18
    464.00  6.90E-18
    464.10  7.12E-18
    464.20  7.19E-18
    464.30  7.15E-18
    464.40  7.02E-18
    464.50  6.91E-18
    464.60  6.74E-18
    464.70  6.56E-18
    464.80  6.44E-18
    464.90  6.32E-18
    465.00  6.20E-18
    465.10  6.19E-18
    465.20  6.26E-18
    465.30  6.43E-18
    465.40  6.65E-18
    465.50  6.80E-18
    465.60  6.93E-18
    465.70  7.09E-18
    465.80  7.22E-18
    465.90  7.30E-18
    466.00  7.40E-18
    466.10  7.50E-18
    466.20  7.57E-18
    466.30  7.68E-18
    466.40  7.78E-18
    466.50  7.84E-18
    466.60  7.90E-18
    466.70  7.99E-18
    466.80  8.07E-18
    466.90  8.12E-18
    467.00  8.19E-18
    467.10  8.26E-18
    467.20  8.28E-18
    467.30  8.31E-18
    467.40  8.35E-18
    467.50  8.38E-18
    467.60  8.41E-18
    467.70  8.45E-18
    467.80  8.49E-18
    467.90  8.53E-18
    468.00  8.56E-18
    468.10  8.58E-18
    468.20  8.67E-18
    468.30  8.73E-18
    468.40  8.81E-18
    468.50  9.00E-18
    468.60  9.28E-18
    468.70  9.39E-18
    468.80  1.03E-17
    468.90  1.14E-17
    469.00  1.21E-17
    469.10  1.20E-17
    469.20  1.01E-17
    469.30  8.74E-18
    469.40  8.37E-18
    469.50  8.14E-18
    469.60  7.97E-18
    469.70  8.15E-18
    469.80  7.86E-18
    469.90  7.86E-18
    470.00  8.00E-18
    470.10  7.66E-18
    470.20  7.66E-18
    470.30  7.79E-18
    470.40  7.92E-18
    470.50  7.99E-18
    470.60  7.95E-18
    470.70  8.04E-18
    470.80  8.00E-18
    470.90  7.97E-18
    471.00  8.05E-18
    471.10  7.98E-18
    471.20  7.95E-18
    471.30  7.95E-18
    471.40  8.10E-18
    471.50  7.93E-18
    471.60  7.90E-18
    471.70  7.88E-18
    471.80  7.99E-18
    471.90  7.91E-18
    472.00  7.84E-18
    472.10  7.80E-18
    472.20  7.76E-18
    472.30  7.88E-18
    472.40  7.89E-18
    472.50  7.74E-18
    472.60  7.63E-18
    472.70  7.55E-18
    472.80  7.52E-18
    472.90  7.49E-18
    473.00  7.63E-18
    473.10  7.47E-18
    473.20  7.35E-18
    473.30  7.31E-18
    473.40  7.27E-18
    473.50  7.26E-18
    473.60  7.28E-18
    473.70  7.30E-18
    473.80  7.42E-18
    473.90  7.39E-18
    474.00  7.27E-18
    474.10  7.25E-18
    474.20  7.24E-18
    474.30  7.23E-18
    474.40  7.23E-18
    474.50  7.23E-18
    474.60  7.25E-18
    474.70  7.34E-18
    474.80  7.42E-18
    474.90  7.24E-18
    475.00  7.23E-18
    475.10  7.12E-18
    475.20  7.09E-18
    475.30  7.07E-18
    475.40  7.05E-18
    475.50  7.05E-18
    475.60  7.06E-18
    475.70  7.10E-18
    475.80  7.19E-18
    475.90  7.27E-18
    476.00  7.38E-18
    476.10  7.50E-18
    476.20  7.54E-18
    476.30  7.67E-18
    476.40  7.59E-18
    476.50  7.57E-18
    476.60  7.56E-18
    476.70  7.57E-18
    476.80  7.58E-18
    476.90  7.59E-18
    477.00  7.60E-18
    477.10  7.61E-18
    477.20  7.63E-18
    477.30  7.64E-18
    477.40  7.66E-18
    477.50  7.68E-18
    477.60  7.68E-18
    477.70  7.77E-18
    477.80  7.85E-18
    477.90  7.91E-18
    478.00  7.88E-18
    478.10  8.00E-18
    478.20  7.91E-18
    478.30  7.87E-18
    478.40  7.85E-18
    478.50  7.85E-18
    478.60  7.85E-18
    478.70  7.86E-18
    478.80  7.86E-18
    478.90  7.87E-18
    479.00  7.88E-18
    479.10  7.89E-18
    479.20  7.89E-18
    479.30  7.91E-18
    479.40  7.92E-18
    479.50  7.93E-18
    479.60  7.93E-18
    479.70  7.94E-18
    479.80  7.94E-18
    479.90  7.96E-18
    480.00  8.03E-18
    480.10  8.06E-18
    480.20  8.18E-18
    480.30  8.20E-18
    480.40  8.17E-18
    480.50  8.18E-18
    480.60  8.28E-18
    480.70  8.19E-18
    480.80  8.12E-18
    480.90  8.11E-18
    481.00  8.10E-18
    481.10  8.10E-18
    481.20  8.09E-18
    481.30  8.09E-18
    481.40  8.09E-18
    481.50  8.09E-18
    481.60  1.20E-17
    481.70  6.96E-18
    481.80  6.97E-18
    481.90  9.00E-18
    482.00  7.66E-18
    482.10  6.84E-18
    482.20  6.74E-18
    482.30  6.72E-18
    482.40  5.87E-18
    482.50  6.94E-18
    482.60  7.85E-18
    482.70  6.87E-18
    482.80  6.89E-18
    482.90  1.18E-17
    483.00  7.26E-18
    483.10  6.64E-18
    483.20  8.53E-18
    483.30  4.42E-17
    483.40  6.96E-18
    483.50  7.33E-18
    483.60  7.19E-18
    483.70  8.11E-18
    483.80  7.28E-18
    483.90  7.16E-18
    484.00  7.21E-18
    484.10  8.31E-18
    484.20  7.22E-18
    484.30  7.67E-18
    484.40  8.49E-18
    484.50  7.04E-18
    484.60  8.07E-18
    484.70  7.01E-18
    484.80  7.20E-18
    484.90  7.69E-18
    485.00  3.66E-17
    485.10  6.49E-18
    485.20  1.07E-17
    485.30  2.74E-17
    485.40  7.17E-18
    485.50  5.33E-18
    485.60  2.85E-17
    485.70  9.14E-18
    485.80  6.98E-18
    485.90  6.78E-18
    486.00  6.16E-18
    486.10  6.57E-18
    486.20  2.26E-17
    486.30  6.94E-18
    486.40  6.93E-18
    486.50  6.82E-18
    486.60  6.49E-18
    486.70  6.05E-18
    486.80  7.07E-18
    486.90  9.25E-18
    487.00  6.96E-18
    487.10  6.94E-18
    487.20  6.90E-18
    487.30  6.70E-18
    487.40  6.12E-18
    487.50  6.15E-18
    487.60  6.63E-18
    487.70  6.96E-18
    487.80  7.86E-18
    487.90  7.04E-18
    488.00  6.99E-18
    488.10  6.96E-18
    488.20  6.97E-18
    488.30  6.73E-18
    488.40  6.93E-18
    488.50  7.47E-18
    488.60  6.35E-18
    488.70  7.17E-18
    488.80  6.80E-18
    488.90  7.85E-18
    489.00  7.58E-18
    489.10  7.11E-18
    489.20  7.17E-18
    489.30  7.23E-18
    489.40  7.24E-18
    489.50  7.21E-18
    489.60  7.12E-18
    489.70  6.93E-18
    489.80  8.47E-18
    489.90  4.43E-18
    490.00  5.83E-18
    490.10  7.39E-18
    490.20  7.04E-18
    490.30  1.79E-17
    490.40  7.41E-18
    490.50  7.04E-18
    490.60  7.02E-18
    490.70  7.03E-18
    490.80  7.04E-18
    490.90  7.04E-18
    491.00  7.03E-18
    491.10  7.00E-18
    491.20  6.95E-18
    491.30  6.86E-18
    491.40  6.72E-18
    491.50  5.83E-18
    491.60  4.96E-18
    491.70  5.67E-18
    491.80  6.31E-18
    491.90  8.05E-18
    492.00  6.78E-18
    492.10  7.83E-18
    492.20  6.84E-17
    492.30  8.04E-18
    492.40  7.24E-18
    492.50  7.12E-18
    492.60  7.08E-18
    492.70  7.07E-18
    492.80  7.07E-18
    492.90  7.06E-18
    493.00  7.06E-18
    493.10  7.04E-18
    493.20  7.02E-18
    493.30  6.97E-18
    493.40  6.88E-18
    493.50  6.83E-18
    493.60  6.67E-18
    493.70  5.67E-18
    493.80  5.34E-18
    493.90  7.40E-18
    494.00  5.76E-18
    494.10  6.23E-18
    494.20  6.99E-18
    494.30  6.41E-18
    494.40  6.47E-18
    494.50  6.80E-18
    494.60  7.60E-18
    494.70  1.72E-17
    494.80  1.69E-17
    494.90  9.12E-18
    495.00  8.32E-18
    495.10  7.83E-18
    495.20  7.55E-18
    495.30  7.45E-18
    495.40  7.48E-18
    495.50  7.53E-18
    495.60  7.59E-18
    495.70  7.62E-18
    495.80  7.56E-18
    495.90  7.39E-18
    496.00  6.95E-18
    496.10  6.88E-18
    496.20  6.89E-18
    496.30  6.91E-18
    496.40  6.94E-18
    496.50  6.95E-18
    496.60  6.88E-18
    496.70  6.87E-18
    496.80  6.79E-18
    496.90  6.52E-18
    497.00  6.01E-18
    497.10  5.00E-18
    497.20  1.26E-17
    497.30  5.04E-18
    497.40  5.18E-18
    497.50  6.59E-18
    497.60  7.02E-18
    497.70  7.01E-18
    497.80  7.06E-18
    497.90  6.52E-18
    498.00  6.71E-18
    498.10  8.93E-18
    498.20  1.11E-17
    498.30  1.21E-17
    498.40  1.08E-17
    498.50  1.02E-17
    498.60  1.05E-17
    498.70  1.37E-17
    498.80  1.08E-17
    498.90  8.96E-18
    499.00  8.38E-18
    499.10  7.47E-18
    499.20  7.02E-18
    499.30  6.94E-18
    499.40  6.93E-18
    499.50  6.94E-18
    499.60  6.97E-18
    499.70  7.00E-18
    499.80  7.03E-18
    499.90  7.07E-18
    500.00  7.11E-18
    500.10  7.12E-18
    500.20  7.12E-18
    500.30  7.12E-18
    500.40  7.09E-18
    500.50  7.03E-18
    500.60  6.93E-18
    500.70  6.67E-18
    500.80  6.25E-18
    500.90  5.87E-18
    501.00  5.44E-18
    501.10  5.02E-18
    501.20  4.69E-18
    501.30  4.49E-18
    501.40  4.43E-18
    501.50  4.49E-18
    501.60  4.73E-18
    501.70  5.10E-18
    501.80  5.52E-18
    501.90  6.83E-18
    502.00  1.80E-17
    502.10  6.53E-18
    502.20  5.72E-18
    502.30  5.71E-18
    502.40  5.84E-18
    502.50  5.98E-18
    502.60  6.06E-18
    502.70  6.14E-18
    502.80  6.22E-18
    502.90  6.30E-18
    503.00  6.43E-18
    503.10  6.45E-18
    503.20  6.62E-18
    503.30  6.84E-18
    503.40  7.20E-18
    503.50  7.58E-18
    503.60  7.96E-18
    503.70  8.44E-18
    503.80  9.03E-18
    503.90  9.92E-18
    504.00  1.23E-17
    504.10  4.43E-17
    504.20  1.53E-17
    504.30  1.06E-17
    504.40  1.00E-17
    504.50  8.97E-18
    504.60  7.81E-18
    504.70  6.94E-18
    504.80  6.42E-18
    504.90  6.13E-18
    505.00  5.98E-18
    505.10  5.92E-18
    505.20  5.90E-18
    505.30  5.91E-18
    505.40  5.94E-18
    505.50  5.96E-18
    505.60  5.98E-18
    505.70  5.99E-18
    505.80  5.99E-18
    505.90  5.99E-18
    506.00  5.98E-18
    506.10  5.96E-18
    506.20  5.94E-18
    506.30  5.91E-18
    506.40  5.57E-18
    506.50  6.91E-18
    506.60  5.15E-18
    506.70  8.14E-18
    506.80  5.14E-18
    506.90  6.36E-18
    507.00  5.07E-18
    507.10  5.07E-18
    507.20  4.97E-18
    507.30  4.94E-18
    507.40  4.98E-18
    507.50  6.78E-18
    507.60  4.99E-18
    507.70  4.96E-18
    507.80  5.05E-18
    507.90  5.38E-18
    508.00  4.88E-18
    508.10  4.92E-18
    508.20  5.14E-18
    508.30  4.94E-18
    508.40  5.03E-18
    508.50  5.15E-18
    508.60  5.07E-18
    508.70  5.18E-18
    508.80  5.11E-18
    508.90  7.76E-18
    509.00  5.24E-18
    509.10  5.17E-18
    509.20  8.58E-18
    509.30  5.25E-18
    509.40  5.43E-18
    509.50  9.96E-18
    509.60  1.01E-17
    509.70  6.33E-18
    509.80  7.79E-18
    509.90  5.13E-18
    510.00  5.00E-18
    510.10  5.13E-18
    510.20  5.25E-18
    510.30  5.30E-18
    510.40  5.34E-18
    510.50  5.35E-18
    510.60  5.33E-18
    510.70  7.35E-18
    510.80  1.00E-17
    510.90  5.42E-18
    511.00  5.34E-18
    511.10  5.28E-18
    511.20  5.38E-18
    511.30  6.23E-18
    511.40  5.24E-18
    511.50  4.58E-18
    511.60  4.48E-18
    511.70  4.71E-18
    511.80  4.92E-18
    511.90  5.09E-18
    512.00  7.42E-18
    512.10  7.49E-18
    512.20  6.52E-18
    512.30  6.72E-18
    512.40  9.65E-18
    512.50  1.95E-17
    512.60  4.43E-17
    512.70  1.59E-17
    512.80  6.12E-18
    512.90  6.65E-18
    513.00  6.27E-18
    513.10  6.36E-18
    513.20  6.06E-18
    513.30  5.60E-18
    513.40  4.85E-18
    513.50  4.24E-18
    513.60  4.12E-18
    513.70  4.23E-18
    513.80  4.38E-18
    513.90  4.55E-18
    514.00  4.96E-18
    514.10  6.33E-18
    514.20  1.15E-17
    514.30  7.70E-18
    514.40  4.44E-18
    514.50  4.24E-18
    514.60  4.26E-18
    514.70  4.31E-18
    514.80  4.40E-18
    514.90  4.56E-18
    515.00  4.35E-18
    515.10  6.82E-18
    515.20  4.89E-18
    515.30  4.83E-18
    515.40  4.71E-18
    515.50  5.51E-18
    515.60  5.11E-18
    515.70  5.64E-18
    515.80  2.17E-17
    515.90  6.38E-18
    516.00  4.11E-18
    516.10  4.39E-18
    516.20  1.20E-17
    516.30  4.04E-18
    516.40  4.01E-18
    516.50  4.78E-18
    516.60  4.21E-18
    516.70  4.25E-18
    516.80  5.10E-18
    516.90  4.01E-18
    517.00  4.32E-18
    517.10  5.27E-18
    517.20  4.43E-18
    517.30  5.66E-18
    517.40  5.18E-18
    517.50  5.24E-18
    517.60  7.43E-18
    517.70  6.73E-18
    517.80  4.12E-18
    517.90  4.15E-18
    518.00  4.83E-18
    518.10  4.22E-18
    518.20  4.28E-18
    518.30  4.07E-18
    518.40  4.93E-18
    518.50  4.25E-18
    518.60  4.44E-18
    518.70  4.31E-18
    518.80  5.55E-18
    518.90  3.05E-18
    519.00  4.74E-18
    519.10  5.00E-18
    519.20  1.14E-17
    519.30  1.17E-17
    519.40  7.34E-18
    519.50  5.75E-18
    519.60  1.52E-17
    519.70  1.29E-17
    519.80  4.09E-18
    519.90  4.44E-18
    520.00  3.51E-18
    520.10  5.01E-18
    520.20  4.50E-18
    520.30  8.33E-18
    520.40  7.28E-18
    520.50  5.01E-18
    520.60  7.55E-18
    520.70  2.63E-18
    520.80  4.66E-18
    520.90  2.87E-18
    521.00  2.95E-18
    521.10  3.22E-18
    521.20  5.51E-18
    521.30  4.67E-18
    521.40  4.14E-18
    521.50  2.57E-18
    521.60  2.52E-18
    521.70  2.83E-18
    521.80  2.49E-18
    521.90  2.47E-18
    522.00  2.53E-18
    522.10  3.60E-18
    522.20  8.09E-18
    522.30  4.73E-18
    522.40  7.08E-18
    522.50  1.25E-17
    522.60  2.88E-18
    522.70  2.27E-18
    522.80  2.02E-18
    522.90  1.94E-18
    523.00  1.82E-18
    523.10  1.53E-18
    523.20  2.16E-18
    523.30  1.73E-18
    523.40  2.15E-18
    523.50  4.31E-18
    523.60  1.85E-18
    523.70  2.37E-18
    523.80  7.88E-18
    523.90  3.13E-18
    524.00  2.53E-18
    524.10  2.46E-18
    524.20  2.44E-18
    524.30  2.50E-18
    524.40  1.98E-18
    524.50  2.27E-18
    524.60  2.32E-18
    524.70  2.51E-18
    524.80  3.58E-18
    524.90  5.97E-18
    525.00  5.67E-18
    525.10  6.16E-18
    525.20  2.07E-17
    525.30  4.58E-18
    525.40  3.31E-18
    525.50  2.89E-18
    525.60  2.72E-18
    525.70  5.71E-18
    525.80  4.25E-18
    525.90  3.72E-18
    526.00  3.53E-18
    526.10  3.45E-18
    526.20  3.46E-18
    526.30  3.60E-18
    526.40  2.52E-18
    526.50  4.29E-18
    526.60  6.55E-18
    526.70  1.34E-17
    526.80  9.04E-18
    526.90  5.48E-18
    527.00  4.41E-18
    527.10  4.01E-18
    527.20  3.82E-18
    527.30  4.04E-18
    527.40  3.78E-18
    527.50  3.76E-18
    527.60  3.87E-18
    527.70  4.05E-18
    527.80  4.40E-18
    527.90  5.00E-18
    528.00  5.89E-18
    528.10  7.82E-18
    528.20  9.97E-18
    528.30  1.05E-17
    528.40  1.84E-17
    528.50  1.21E-16
    528.60  1.89E-17
    528.70  1.48E-17
    528.80  1.34E-17
    528.90  1.21E-17
    529.00  1.11E-17
    529.10  1.60E-17
    529.20  8.25E-18
    529.30  6.54E-18
    529.40  5.65E-18
    529.50  5.02E-18
    529.60  4.58E-18
    529.70  4.31E-18
    529.80  4.23E-18
    529.90  4.42E-18
    530.00  5.00E-18
    530.10  6.15E-18
    530.20  8.05E-18
    530.30  1.17E-17
    530.40  4.32E-17
    530.50  1.24E-17
    530.60  9.06E-18
    530.70  7.56E-18
    530.80  6.43E-18
    530.90  5.58E-18
    531.00  4.96E-18
    531.10  4.54E-18
    531.20  4.27E-18
    531.30  4.12E-18
    531.40  4.07E-18
    531.50  4.09E-18
    531.60  4.17E-18
    531.70  4.27E-18
    531.80  4.34E-18
    531.90  4.36E-18
    532.00  4.37E-18
    532.10  4.44E-18
    532.20  4.64E-18
    532.30  4.73E-18
    532.40  6.55E-18
    532.50  4.03E-18
    532.60  3.52E-18
    532.70  6.95E-18
    532.80  6.14E-18
    532.90  3.38E-18
    533.00  3.56E-18
    533.10  2.71E-18
    533.20  2.96E-18
    533.30  3.18E-18
    533.40  6.00E-18
    533.50  2.37E-17
    533.60  6.61E-18
    533.70  6.45E-18
    533.80  4.64E-18
    533.90  5.70E-18
    534.00  8.90E-18
    534.10  1.44E-17
    534.20  3.21E-18
    534.30  3.84E-18
    534.40  4.85E-18
    534.50  5.77E-18
    534.60  2.75E-17
    534.70  1.94E-17
    534.80  1.18E-17
    534.90  1.11E-17
    535.00  4.37E-18
    535.10  4.25E-18
    535.30  2.89E-18
    535.40  2.90E-18
    535.50  2.67E-18
    535.60  2.52E-18
    535.70  2.52E-18
    535.80  3.34E-18
    535.90  2.50E-18
    536.00  2.48E-18
    536.10  2.49E-18
    536.20  3.64E-18
    536.30  2.58E-18
    536.40  2.44E-18
    536.50  3.05E-18
    536.60  2.59E-18
    536.70  1.36E-17
    536.80  2.47E-18
    536.90  2.45E-18
    537.00  2.59E-18
    537.10  2.50E-18
    537.20  3.11E-18
    537.30  1.07E-17
    537.40  2.48E-18
    537.50  2.72E-18
    537.60  2.58E-18
    537.70  2.68E-18
    537.80  2.52E-18
    537.90  3.53E-18
    538.00  4.75E-18
    538.10  2.57E-18
    538.20  2.61E-18
    538.30  2.83E-18
    538.40  4.68E-18
    538.50  2.19E-18
    538.60  2.21E-18
    538.70  2.61E-18
    538.90  1.45E-17
    539.00  2.84E-18
    539.10  2.61E-18
    539.20  2.61E-18
    539.30  2.61E-18
    539.40  2.61E-18
    539.50  4.23E-17
    539.60  2.33E-18
    539.70  2.47E-18
    539.80  2.81E-18
    539.90  3.43E-17
    540.00  5.36E-18
    540.10  2.74E-18
    540.20  2.64E-18
    540.30  2.72E-18
    540.40  6.40E-18
    540.50  2.76E-18
    540.60  3.03E-18
    540.70  8.99E-18
    540.80  3.74E-18
    540.90  9.67E-17
    541.00  8.35E-18
    541.10  2.90E-18
    541.20  3.40E-17
    541.30  3.47E-18
    541.50  2.47E-18
    541.60  2.35E-18
    541.70  2.59E-18
    541.80  1.96E-17
    541.90  2.82E-18
    542.00  3.00E-18
    542.10  5.74E-18
    542.20  2.68E-18
    542.30  2.76E-18
    542.40  2.23E-18
    542.50  2.32E-18
    542.60  2.81E-18
    542.70  5.06E-18
    542.80  2.89E-18
    542.90  4.04E-18
    543.00  8.06E-18
    543.10  2.91E-18
    543.20  2.81E-18
    543.30  2.60E-18
    543.40  2.49E-18
    543.60  2.26E-18
    543.70  2.90E-18
    543.80  2.65E-18
    543.90  2.60E-18
    544.00  2.58E-18
    544.10  2.57E-18
    544.20  2.58E-18
    544.30  2.64E-18
    544.40  3.17E-18
    544.50  2.16E-18
    544.60  2.33E-18
    544.70  2.37E-18
    544.80  2.40E-18
    544.90  2.44E-18
    545.00  2.52E-18
    545.10  2.85E-18
    545.20  8.29E-18
    545.30  3.85E-18
    545.50  5.33E-18
    545.60  2.45E-18
    545.70  2.12E-18
    545.80  1.69E-18
    545.90  1.11E-17
    546.00  3.18E-18
    546.10  2.78E-18
    546.20  2.64E-18
    546.30  2.57E-18
    546.40  2.53E-18
    546.50  2.50E-18
    546.60  2.49E-18
    546.70  2.57E-18
    546.80  2.60E-18
    546.90  5.63E-18
    547.10  2.44E-18
    547.20  1.47E-17
    547.30  5.26E-19
    547.40  1.72E-18
    547.50  1.86E-18
    547.60  2.04E-18
    547.70  6.41E-18
    547.80  4.15E-18
    547.90  2.99E-18
    548.00  2.63E-18
    548.10  1.94E-18
    548.20  1.57E-18
    548.30  1.46E-18
    548.40  1.37E-18
    548.60  1.93E-18
    548.70  3.34E-18
    548.80  2.48E-17
    548.90  3.87E-18
    549.00  2.23E-17
    549.10  6.29E-18
    549.20  3.82E-18
    549.30  2.92E-18
    549.40  2.42E-18
    549.50  2.07E-18
    549.60  1.80E-18
    549.70  1.57E-18
    549.80  1.36E-18
    549.90  1.17E-18
    550.10  9.88E-19
    550.20  8.20E-19
    550.30  6.69E-19
    550.40  5.46E-19
    550.50  4.75E-19
    550.60  5.20E-19
    550.70  9.55E-19
    550.80  4.06E-18
    550.90  1.56E-16
    551.00  1.26E-17
    551.10  1.88E-18
    551.20  1.02E-18
    551.40  8.51E-19
    551.50  7.56E-19
    551.60  8.61E-19
    551.70  1.18E-18
    551.80  2.97E-18
    551.90  2.19E-18
    552.00  8.39E-19
    552.10  9.75E-19
    552.20  1.11E-18
    552.30  1.28E-18
    552.40  1.46E-18
    552.50  1.64E-18
    552.70  1.86E-18
    552.80  2.17E-18
    552.90  2.79E-18
    553.00  6.10E-18
    553.10  5.10E-17
    553.20  4.36E-18
    553.30  4.28E-18
    553.40  6.38E-18
    553.50  1.55E-17
    553.60  1.04E-18
    553.80  7.09E-19
    553.90  1.03E-18
    554.00  1.27E-18
    554.10  1.46E-18
    554.20  1.60E-18
    554.30  1.72E-18
    554.40  1.82E-18
    554.50  1.91E-18
    554.60  1.99E-18
    554.70  2.06E-18
    554.80  2.13E-18
    555.00  2.19E-18
    555.10  2.25E-18
    555.20  2.31E-18
    555.30  2.36E-18
    555.40  2.42E-18
    555.50  2.47E-18
    555.60  2.53E-18
    555.70  2.58E-18
    555.80  2.64E-18
    555.90  2.69E-18
    556.10  2.76E-18
    556.20  2.82E-18
    556.30  2.89E-18
    556.40  2.97E-18
    556.50  3.07E-18
    556.60  3.17E-18
    556.70  3.30E-18
    556.80  3.49E-18
    556.90  4.06E-18
    557.10  5.38E-18
    557.20  5.60E-18
    557.30  6.02E-17
    557.40  2.02E-18
    557.50  3.02E-18
    557.60  3.63E-18
    557.70  4.26E-18
    557.80  5.17E-18
    557.90  6.84E-18
    558.00  1.11E-17
    558.20  3.40E-17
    558.30  1.14E-16
    558.40  3.40E-17
    558.50  3.35E-18
    558.60  2.07E-18
    558.70  2.95E-18
    558.80  2.22E-18
    558.90  2.43E-18
    559.00  2.78E-18
    559.20  2.18E-18
    559.30  2.17E-18
    559.40  2.27E-18
    559.50  2.56E-18
    559.60  3.62E-18
    559.70  1.65E-17
    559.80  1.89E-17
    559.90  5.56E-18
    560.10  4.57E-17
    560.20  8.40E-18
    560.30  1.60E-17
    560.40  6.09E-18
    560.50  1.58E-18
    560.60  1.58E-18
    560.70  1.67E-18
    560.80  1.74E-18
    561.00  1.80E-18
    561.10  1.85E-18
    561.20  1.89E-18
    561.30  1.93E-18
    561.40  1.97E-18
    561.50  2.01E-18
    561.60  2.05E-18
    561.70  2.11E-18
    561.90  2.24E-18
    562.00  3.04E-18
    562.10  4.38E-18
    562.20  1.78E-18
    562.30  1.97E-18
    562.40  2.02E-18
    562.50  2.05E-18
    562.60  2.08E-18
    562.80  2.10E-18
    562.90  2.12E-18
    563.00  2.14E-18
    563.10  2.15E-18
    563.20  2.17E-18
    563.30  2.19E-18
    563.40  2.20E-18
    563.50  2.22E-18
    563.70  2.23E-18
    563.80  2.25E-18
    563.90  2.26E-18
    564.00  2.28E-18
    564.10  2.29E-18
    564.20  2.30E-18
    564.30  2.32E-18
    564.50  2.34E-18
    564.60  2.35E-18
    564.70  2.37E-18
    564.80  2.39E-18
    564.90  2.41E-18
    565.00  2.43E-18
    565.10  2.45E-18
    565.20  2.48E-18
    565.40  2.50E-18
    565.50  2.54E-18
    565.60  2.57E-18
    565.70  2.61E-18
    565.80  2.67E-18
    565.90  2.74E-18
    566.00  2.83E-18
    566.20  2.98E-18
    566.30  3.24E-18
    566.40  3.87E-18
    566.50  8.08E-18
    566.60  6.45E-19
    566.70  1.56E-18
    566.80  1.94E-18
    567.00  2.14E-18
    567.10  2.29E-18
    567.20  2.40E-18
    567.30  2.52E-18
    567.40  2.63E-18
    567.50  2.77E-18
    567.70  2.95E-18
    567.80  3.19E-18
    567.90  3.58E-18
    568.00  4.30E-18
    568.10  6.04E-18
    568.20  1.49E-17
    568.30  6.05E-17
    568.50  6.20E-17
    568.60  5.71E-18
    568.70  2.80E-18
    568.80  2.28E-18
    568.90  2.14E-18
    569.00  2.11E-18
    569.10  2.12E-18
    569.30  2.15E-18
    569.40  2.20E-18
    569.50  2.25E-18
    569.60  2.33E-18
    569.70  2.43E-18
    569.80  2.58E-18
    570.00  2.83E-18
    570.10  3.31E-18
    570.20  4.52E-18
    570.30  9.53E-18
    570.40  7.74E-17
    570.50  1.48E-17
    570.70  1.10E-16
    570.80  7.74E-18
    570.90  7.32E-18
    571.00  1.63E-17
    571.10  2.09E-18
    571.20  2.04E-18
    571.40  2.07E-18
    571.50  2.09E-18
    571.60  2.10E-18
    571.70  2.11E-18
    571.80  2.12E-18
    571.90  2.13E-18
    572.10  2.14E-18
    572.20  2.15E-18
    572.30  2.15E-18
    572.40  2.16E-18
    572.50  2.17E-18
    572.60  2.17E-18
    572.80  2.18E-18
    572.90  2.18E-18
    573.00  2.19E-18
    573.10  2.20E-18
    573.20  2.20E-18
    573.30  2.21E-18
    573.50  2.21E-18
    573.60  2.22E-18
    573.70  2.22E-18
    573.80  2.22E-18
    573.90  2.23E-18
    574.00  2.23E-18
    574.20  2.24E-18
    574.30  2.24E-18
    574.40  2.24E-18
    574.50  2.25E-18
    574.60  2.25E-18
    574.70  2.26E-18
    574.90  2.26E-18
    575.00  2.26E-18
    575.10  2.27E-18
    575.20  2.27E-18
    575.30  2.27E-18
    575.50  2.28E-18
    575.60  2.28E-18
    575.70  2.28E-18
    575.80  2.29E-18
    575.90  2.29E-18
    576.00  2.29E-18
    576.20  2.30E-18
    576.30  2.30E-18
    576.40  2.30E-18
    576.50  2.31E-18
    576.60  2.31E-18
    576.80  2.32E-18
    576.90  2.32E-18
    577.00  2.32E-18
    577.10  2.33E-18
    577.20  2.33E-18
    577.40  2.34E-18
    577.50  2.34E-18
    577.60  2.35E-18
    577.70  2.35E-18
    577.80  2.36E-18
    577.90  2.37E-18
    578.10  2.37E-18
    578.20  2.38E-18
    578.30  2.39E-18
    578.40  2.40E-18
    578.50  2.41E-18
    578.70  2.42E-18
    578.80  2.44E-18
    578.90  2.46E-18
    579.00  2.49E-18
    579.10  2.53E-18
    579.30  2.58E-18
    579.40  2.67E-18
    579.50  2.86E-18
    579.60  3.33E-18
    579.70  5.95E-18
    579.90  1.24E-17
    580.00  2.73E-18
    580.10  2.36E-18
    580.20  6.24E-18
    580.30  2.54E-18
    580.50  2.39E-18
    580.60  2.38E-18
    580.70  2.39E-18
    580.80  2.40E-18
    580.90  2.42E-18
    581.10  2.44E-18
    581.20  2.47E-18
    581.30  2.50E-18
    581.40  2.54E-18
    581.50  2.58E-18
    581.70  2.64E-18
    581.80  2.73E-18
    581.90  2.85E-18
    582.00  3.06E-18
    582.10  3.47E-18
    582.30  4.74E-18
    582.40  3.57E-17
    582.50  7.59E-19
    582.60  1.35E-18
    582.80  1.64E-18
    582.90  1.80E-18
    583.00  1.90E-18
    583.10  1.97E-18
    583.20  2.01E-18
    583.40  2.04E-18
    583.50  2.07E-18
    583.60  2.09E-18
    583.70  2.10E-18
    583.80  2.11E-18
    584.00  2.12E-18
    584.10  2.13E-18
    584.20  2.13E-18
    584.30  2.14E-18
    584.50  2.15E-18
    584.60  2.15E-18
    584.70  2.15E-18
    584.80  2.16E-18
    584.90  2.16E-18
    585.10  2.17E-18
    585.20  2.17E-18
    585.30  2.17E-18
    585.40  2.18E-18
    585.60  2.18E-18
    585.70  2.19E-18
    585.80  2.19E-18
    585.90  2.20E-18
    586.00  2.20E-18
    586.20  2.21E-18
    586.30  2.22E-18
    586.40  2.23E-18
    586.50  2.24E-18
    586.70  2.25E-18
    586.80  2.26E-18
    586.90  2.28E-18
    587.00  2.29E-18
    587.10  2.32E-18
    587.30  2.34E-18
    587.40  2.37E-18
    587.50  2.41E-18
    587.60  2.46E-18
    587.80  2.52E-18
    587.90  2.60E-18
    588.00  2.71E-18
    588.10  2.85E-18
    588.30  3.07E-18
    588.40  3.39E-18
    588.50  3.91E-18
    588.60  4.86E-18
    588.70  6.90E-18
    588.90  1.25E-17
    589.00  3.70E-17
    589.10  6.43E-17
    589.20  2.82E-17
    589.40  6.80E-17
    589.50  1.05E-17
    589.60  1.07E-17
    589.70  1.43E-17
    589.90  3.32E-18
    590.00  2.69E-18
    590.10  2.47E-18
    590.20  2.35E-18
    590.40  2.28E-18
    590.50  2.24E-18
    590.60  2.22E-18
    590.70  2.22E-18
    590.90  2.26E-18
    591.00  2.38E-18
    591.10  8.38E-18
    591.20  5.34E-18
    591.40  9.06E-18
    591.50  2.60E-18
    591.60  2.27E-18
    591.70  2.26E-18
    591.90  2.35E-18
    592.00  2.52E-18
    592.10  2.82E-18
    592.20  3.36E-18
    592.40  4.42E-18
    592.50  6.71E-18
    592.60  1.19E-17
    592.70  1.98E-17
    592.90  1.58E-16
    593.00  1.19E-17
    593.10  7.80E-18
    593.20  5.79E-18
    593.40  4.70E-18
    593.50  4.05E-18
    593.60  3.63E-18
    593.70  3.34E-18
    593.90  3.14E-18
    594.00  2.99E-18
    594.10  2.87E-18
    594.20  2.78E-18
    594.40  2.71E-18
    594.50  2.65E-18
    594.60  2.60E-18
    594.70  2.56E-18
    594.90  2.53E-18
    595.00  2.50E-18
    595.10  2.47E-18
    595.20  2.45E-18
    595.40  2.43E-18
    595.50  2.41E-18
    595.60  2.39E-18
    595.80  2.38E-18
    595.90  2.37E-18
    596.00  2.36E-18
    596.10  2.35E-18
    596.30  2.34E-18
    596.40  2.33E-18
    596.50  2.32E-18
    596.60  2.31E-18
    596.80  2.31E-18
    596.90  2.30E-18
    597.00  2.29E-18
    597.10  2.29E-18
    597.30  2.28E-18
    597.40  2.28E-18
    597.50  2.27E-18
    597.70  2.27E-18
    597.80  2.26E-18
    597.90  2.26E-18
    598.00  2.25E-18
    598.20  2.25E-18
    598.30  2.24E-18
    598.40  2.24E-18
    598.60  2.23E-18
    598.70  2.23E-18
    598.80  2.22E-18
    598.90  2.22E-18
    599.10  2.21E-18
    599.20  2.21E-18
    599.30  2.20E-18
    599.40  2.20E-18
    599.60  2.19E-18
    599.70  2.19E-18
    599.80  2.18E-18
    600.00  2.17E-18
    600.10  2.17E-18
    600.20  2.16E-18
    600.30  2.15E-18
    600.50  2.14E-18
    600.60  2.13E-18
    600.70  2.12E-18
    600.90  2.11E-18
    601.00  2.10E-18
    601.10  2.09E-18
    601.20  2.08E-18
    601.40  2.06E-18
    601.50  2.05E-18
    601.60  2.03E-18
    601.80  2.02E-18
    601.90  2.00E-18
    602.00  1.98E-18
    602.10  1.96E-18
    602.30  1.94E-18
    602.40  1.92E-18
    602.50  1.91E-18
    602.70  1.90E-18
    602.80  1.92E-18
    602.90  1.98E-18
    603.10  2.20E-18
    603.20  2.96E-18
    603.30  7.29E-18
    603.40  1.10E-16
    603.60  1.07E-17
    603.70  3.35E-17
    603.80  7.28E-17
    604.00  1.82E-17
    604.10  8.94E-18
    604.20  6.23E-18
    604.40  5.09E-18
    604.50  4.45E-18
    604.60  4.81E-18
    604.70  1.09E-18
    604.90  1.28E-18
    605.00  3.94E-18
    605.10  2.71E-18
    605.30  2.72E-18
    605.40  3.56E-18
    605.50  3.53E-18
    605.70  9.84E-19
    605.80  2.87E-19
    605.90  3.32E-18
    606.10  3.17E-18
    606.20  3.38E-18
    606.30  3.24E-18
    606.40  3.20E-18
    606.60  3.20E-18
    606.70  3.17E-18
    606.80  3.07E-18
    607.00  2.35E-18
    607.10  3.13E-18
    607.20  3.01E-18
    607.40  2.12E-18
    607.50  3.03E-18
    607.60  6.28E-19
    607.80  2.99E-18
    607.90  2.89E-18
    608.00  2.89E-18
    608.20  3.05E-18
    608.30  2.07E-18
    608.40  2.94E-18
    608.60  3.05E-18
    608.70  2.19E-18
    608.80  2.91E-18
    609.00  3.04E-18
    609.10  1.44E-18
    609.20  2.80E-18
    609.30  3.01E-18
    609.50  3.15E-18
    609.60  1.27E-18
    609.70  3.01E-18
    609.90  3.48E-18
    610.00  4.17E-18
    610.10  5.91E-18
    610.30  1.23E-17
    610.40  1.52E-16
    610.50  2.09E-17
    610.70  7.38E-18
    610.80  5.64E-18
    610.90  4.28E-18
    611.10  3.23E-18
    611.20  3.63E-18
    611.30  3.67E-18
    611.50  3.76E-18
    611.60  3.52E-18
    611.70  3.56E-18
    611.90  2.08E-18
    612.00  2.80E-18
    612.10  3.41E-18
    612.30  3.73E-18
    612.40  4.14E-18
    612.50  3.31E-18
    612.70  3.68E-18
    612.80  3.87E-18
    612.90  3.38E-18
    613.10  2.34E-18
    613.20  3.61E-18
    613.30  3.90E-18
    613.50  4.05E-18
    613.60  4.12E-18
    613.70  3.93E-18
    613.90  4.52E-18
    614.00  5.09E-18
    614.20  5.81E-18
    614.30  6.44E-18
    614.40  9.71E-18
    614.60  1.38E-17
    614.70  1.49E-18
    614.80  1.53E-18
    615.00  1.79E-18
    615.10  1.98E-18
    615.20  2.06E-18
    615.40  2.05E-18
    615.50  2.46E-18
    615.60  2.58E-18
    615.80  2.65E-18
    615.90  2.68E-18
    616.00  2.30E-18
    616.20  6.10E-19
    616.30  1.81E-18
    616.40  2.21E-18
    616.60  2.38E-18
    616.70  2.47E-18
    616.90  2.52E-18
    617.00  2.55E-18
    617.10  2.56E-18
    617.30  2.52E-18
    617.40  2.50E-18
    617.50  2.75E-18
    617.70  2.79E-18
    617.80  2.80E-18
    617.90  2.81E-18
    618.10  2.77E-18
    618.20  2.50E-18
    618.40  1.09E-18
    618.50  9.04E-19
    618.60  1.86E-18
    618.80  2.22E-18
    618.90  2.39E-18
    619.00  2.47E-18
    619.20  2.53E-18
    619.30  2.56E-18
    619.40  2.58E-18
    619.60  2.58E-18
    619.70  2.57E-18
    619.90  2.53E-18
    620.00  2.51E-18
    620.10  2.68E-18
    620.30  2.77E-18
    620.40  2.78E-18
    620.50  2.77E-18
    620.70  2.75E-18
    620.80  2.71E-18
    621.00  2.61E-18
    621.10  2.35E-18
    621.20  1.62E-18
    621.40  4.58E-19
    621.50  8.99E-19
    621.60  1.67E-18
    621.80  2.07E-18
    621.90  2.26E-18
    622.10  2.37E-18
    622.20  2.44E-18
    622.30  2.47E-18
    622.50  2.50E-18
    622.60  2.50E-18
    622.70  2.50E-18
    622.90  2.49E-18
    623.00  2.46E-18
    623.20  2.43E-18
    623.30  2.40E-18
    623.40  2.41E-18
    623.60  2.49E-18
    623.70  2.58E-18
    623.90  2.62E-18
    624.00  2.62E-18
    624.10  2.60E-18
    624.30  2.55E-18
    624.40  2.49E-18
    624.50  2.39E-18
    624.70  2.26E-18
    624.80  2.06E-18
    625.00  1.75E-18
    625.10  1.29E-18
    625.20  7.45E-19
    625.40  4.99E-19
    625.50  8.78E-19
    625.70  1.50E-18
    625.80  1.98E-18
    625.90  2.30E-18
    626.10  2.52E-18
    626.20  2.69E-18
    626.40  2.85E-18
    626.50  3.04E-18
    626.60  3.35E-18
    626.80  3.93E-18
    626.90  5.26E-18
    627.10  9.57E-18
    627.20  4.10E-17
    627.30  1.07E-16
    627.50  3.05E-16
    627.60  1.59E-17
    627.80  1.87E-16
    627.90  1.38E-17
    628.00  7.72E-18
    628.20  5.93E-18
    628.30  5.05E-18
    628.50  4.51E-18
    628.60  4.13E-18
    628.70  3.84E-18
    628.90  3.60E-18
    629.00  3.39E-18
    629.20  3.19E-18
    629.30  2.99E-18
    629.50  2.79E-18
    629.60  2.58E-18
    629.70  2.35E-18
    629.90  2.11E-18
    630.00  1.85E-18
    630.20  1.57E-18
    630.30  1.29E-18
    630.40  1.02E-18
    630.60  7.98E-19
    630.70  6.41E-19
    630.90  5.81E-19
    631.00  6.33E-19
    631.20  7.86E-19
    631.30  1.01E-18
    631.40  1.28E-18
    631.60  1.55E-18
    631.70  1.81E-18
    631.90  2.04E-18
    632.00  2.23E-18
    632.20  2.39E-18
    632.30  2.51E-18
    632.40  2.60E-18
    632.60  2.65E-18
    632.70  2.67E-18
    632.90  2.67E-18
    633.00  2.64E-18
    633.20  2.59E-18
    633.30  2.51E-18
    633.40  2.41E-18
    633.60  2.30E-18
    633.70  2.18E-18
    633.90  2.04E-18
    634.00  1.89E-18
    634.20  1.75E-18
    634.30  1.60E-18
    634.40  1.46E-18
    634.60  1.32E-18
    634.70  1.19E-18
    634.90  1.07E-18
    635.00  9.74E-19
    635.20  8.87E-19
    635.30  8.15E-19
    635.40  7.57E-19
    635.60  7.14E-19
    635.70  6.83E-19
    635.90  6.65E-19
    636.00  6.57E-19
    636.20  6.58E-19
    636.30  6.67E-19
    636.50  6.83E-19
    636.60  7.04E-19
    636.70  7.29E-19
    636.90  7.57E-19
    637.00  7.86E-19
    637.20  8.15E-19
    637.30  8.42E-19
    637.50  8.66E-19
    637.60  8.96E-19
    637.80  1.38E-18
    637.90  2.21E-18
    638.00  1.50E-18
    638.20  1.39E-18
    638.30  1.38E-18
    638.50  1.39E-18
    638.60  1.42E-18
    638.80  1.46E-18
    638.90  1.49E-18
    639.10  1.53E-18
    639.20  1.58E-18
    639.40  1.62E-18
    639.50  1.67E-18
    639.70  1.72E-18
    639.80  1.77E-18
    639.90  1.82E-18
    640.10  1.88E-18
    640.20  1.93E-18
    640.40  2.00E-18
    640.50  2.06E-18
    640.70  2.13E-18
    640.80  2.20E-18
    641.00  2.27E-18
    641.10  2.33E-18
    641.30  2.33E-18
    641.40  2.19E-18
    641.60  1.79E-18
    641.70  1.27E-18
    641.80  1.01E-18
    642.00  1.04E-18
    642.10  1.17E-18
    642.30  1.33E-18
    642.40  1.46E-18
    642.60  1.58E-18
    642.70  1.68E-18
    642.90  1.77E-18
    643.00  1.85E-18
    643.20  1.93E-18
    643.30  1.99E-18
    643.50  2.06E-18
    643.60  2.11E-18
    643.80  2.17E-18
    643.90  2.22E-18
    644.10  2.27E-18
    644.20  2.31E-18
    644.40  2.34E-18
    644.50  2.36E-18
    644.70  2.38E-18
    644.80  2.38E-18
    644.90  2.37E-18
    645.10  2.35E-18
    645.20  2.31E-18
    645.40  2.26E-18
    645.50  2.20E-18
    645.70  2.13E-18
    645.80  2.06E-18
    646.00  1.98E-18
    646.10  1.92E-18
    646.30  1.86E-18
    646.40  1.81E-18
    646.60  1.78E-18
    646.70  1.76E-18
    646.90  1.75E-18
    647.00  1.76E-18
    647.20  1.78E-18
    647.30  4.64E-19
    647.50  5.05E-19
    647.60  5.75E-19
    647.80  6.74E-19
    647.90  8.99E-19
    648.10  1.28E-18
    648.20  1.38E-18
    648.40  2.01E-18
    648.50  3.60E-18
    648.70  5.39E-18
    648.80  5.48E-18
    649.00  3.44E-18
    649.10  1.70E-18
    649.30  8.48E-19
    649.40  4.81E-19
    649.60  3.04E-19
    649.70  2.47E-19
    649.90  3.50E-19
    650.00  4.76E-19
    650.20  8.56E-20
    650.30  2.86E-19
    650.50  7.52E-18
    650.60  1.22E-19
    650.80  1.72E-17
    650.90  1.12E-19
    651.10  1.05E-17
    651.20  8.94E-19
    651.40  1.69E-19
    651.50  5.96E-19
    651.70  1.57E-19
    651.80  4.12E-19
    652.00  5.01E-19
    652.10  1.68E-19
    652.30  3.83E-19
    652.50  2.08E-17
    652.60  6.38E-19
    652.80  3.11E-19
    652.90  1.81E-19
    653.10  4.03E-17
    653.20  3.27E-19
    653.40  2.11E-19
    653.50  1.59E-19
    653.70  9.64E-20
    653.80  1.26E-18
    654.00  2.75E-19
    654.10  1.92E-19
    654.30  1.51E-19
    654.40  1.03E-19
    654.60  2.95E-19
    654.70  4.43E-19
    654.90  2.26E-19
    655.00  1.73E-19
    655.20  1.43E-19
    655.30  1.37E-19
    655.50  1.13E-19
    655.70  4.21E-19
    655.80  1.96E-18
    656.00  3.96E-19
    656.10  2.45E-19
    656.30  1.85E-19
    656.40  1.50E-19
    656.60  1.17E-19
    656.70  8.11E-20
    656.90  2.51E-19
    657.00  2.35E-18
    657.20  4.53E-19
    657.30  2.84E-19
    657.50  2.20E-19
    657.70  1.83E-19
    657.80  1.55E-19
    658.00  1.49E-17
    658.10  1.06E-19
    658.30  7.83E-20
    658.40  1.40E-19
    658.60  3.81E-17
    658.70  7.01E-19
    658.90  3.65E-19
    659.00  2.69E-19
    659.20  2.21E-19
    659.40  1.90E-19
    659.50  1.66E-19
    659.70  1.47E-19
    659.80  5.31E-19
    660.00  1.13E-19
    660.10  8.69E-20
    660.30  6.99E-20
    660.40  2.05E-19
    660.60  7.12E-17
    660.80  9.15E-19
    660.90  4.42E-19
    661.10  3.15E-19
    661.20  2.55E-19
    661.40  2.19E-19
    661.50  1.93E-19
    661.70  1.73E-19
    661.80  1.55E-19
    662.00  1.41E-19
    662.20  1.33E-16
    662.30  1.29E-19
    662.50  9.94E-20
    662.60  7.78E-20
    662.80  6.04E-20
    662.90  7.92E-20
    663.10  7.78E-19
    663.30  8.61E-18
    663.40  9.31E-19
    663.60  4.86E-19
    663.70  3.46E-19
    663.90  2.77E-19
    664.00  2.35E-19
    664.20  2.05E-19
    664.40  1.82E-19
    664.50  1.63E-19
    664.70  1.46E-19
    664.80  1.32E-19
    665.00  1.37E-19
    665.10  2.38E-17
    665.30  1.80E-19
    665.50  1.20E-19
    665.60  1.24E-19
    665.80  2.21E-19
    665.90  9.09E-19
    666.10  4.81E-17
    666.20  3.73E-18
    666.40  1.14E-18
    666.60  3.05E-18
    666.70  2.94E-18
    666.90  3.02E-18
    667.00  7.70E-19
    667.20  5.55E-19
    667.40  4.55E-19
    667.50  3.95E-19
    667.70  3.54E-19
    667.80  3.23E-19
    668.00  2.99E-19
    668.20  2.79E-19
    668.30  2.63E-19
    668.50  2.48E-19
    668.60  2.35E-19
    668.80  2.24E-19
    669.00  2.13E-19
    669.10  2.02E-19
    669.30  1.92E-19
    669.40  1.81E-19
    669.60  1.69E-19
    669.70  1.74E-19
    669.90  1.59E-19
    670.10  1.48E-19
    670.20  1.37E-19
    670.40  1.26E-19
    670.60  1.16E-19
    670.70  1.08E-19
    670.90  1.09E-19
    671.00  1.47E-19
    671.20  3.85E-19
    671.40  3.56E-18
    671.50  1.61E-17
    671.70  1.86E-18
    671.80  9.00E-19
    672.00  6.12E-19
    672.20  4.80E-19
    672.30  4.05E-19
    672.50  3.57E-19
    672.60  3.24E-19
    672.80  2.99E-19
    673.00  2.79E-19
    673.10  2.63E-19
    673.30  2.50E-19
    673.40  2.38E-19
    673.60  2.28E-19
    673.80  2.19E-19
    673.90  2.11E-19
    674.10  2.03E-19
    674.30  1.96E-19
    674.40  1.89E-19
    674.60  1.83E-19
    674.70  1.76E-19
    674.90  1.70E-19
    675.10  1.63E-19
    675.20  1.57E-19
    675.40  1.58E-19
    675.60  1.94E-18
    675.70  2.22E-19
    675.90  1.65E-19
    676.00  1.48E-19
    676.20  1.37E-19
    676.40  1.28E-19
    676.50  1.20E-19
    676.70  1.12E-19
    676.90  1.05E-19
    677.00  9.79E-20
    677.20  9.29E-20
    677.40  9.22E-20
    677.50  1.03E-19
    677.70  1.49E-19
    677.80  3.18E-19
    678.00  1.18E-18
    678.20  1.83E-17
    678.30  1.14E-17
    678.50  2.26E-18
    678.70  1.13E-18
    678.80  7.52E-19
    679.00  5.73E-19
    679.20  4.70E-19
    679.30  4.03E-19
    679.50  3.54E-19
    679.70  3.17E-19
    679.80  2.86E-19
    680.00  2.59E-19
    680.10  2.66E-19
    680.30  6.64E-18
    680.50  4.40E-19
    680.60  3.23E-19
    680.80  2.85E-19
    681.00  2.63E-19
    681.10  2.47E-19
    681.30  2.36E-19
    681.50  2.26E-19
    681.60  2.18E-19
    681.80  2.10E-19
    682.00  2.03E-19
    682.10  1.97E-19
    682.30  1.91E-19
    682.50  1.86E-19
    682.60  1.80E-19
    682.80  1.75E-19
    683.00  1.70E-19
    683.10  1.65E-19
    683.30  1.61E-19
    683.50  1.56E-19
    683.60  1.53E-19
    683.80  1.50E-19
    684.00  1.55E-19
    684.10  2.16E-19
    684.30  2.32E-17
    684.50  3.50E-19
    684.60  1.97E-19
    684.80  1.63E-19
    685.00  1.46E-19
    685.10  1.36E-19
    685.30  1.28E-19
    685.50  1.21E-19
    685.60  1.15E-19
    685.80  1.09E-19
    686.00  1.03E-19
    686.10  9.79E-20
    686.30  9.29E-20
    686.50  8.85E-20
    686.60  8.51E-20
    686.80  8.33E-20
    687.00  8.45E-20
    687.10  9.11E-20
    687.30  1.08E-19
    687.50  1.47E-19
    687.70  2.35E-19
    687.80  4.52E-19
    688.00  1.11E-18
    688.20  4.25E-18
    688.30  8.11E-17
    688.50  1.84E-17
    688.70  4.15E-18
    688.80  2.00E-18
    689.00  1.27E-18
    689.20  9.19E-19
    689.30  7.23E-19
    689.50  5.98E-19
    689.70  5.12E-19
    689.90  4.50E-19
    690.00  4.03E-19
    690.20  3.65E-19
    690.40  3.34E-19
    690.50  3.09E-19
    690.70  2.86E-19
    690.90  2.67E-19
    691.00  2.49E-19
    691.20  2.32E-19
    691.40  2.17E-19
    691.60  2.02E-19
    691.70  1.88E-19
    691.90  1.73E-19
    692.10  1.58E-19
    692.20  1.43E-19
    692.40  1.27E-19
    692.60  1.10E-19
    692.80  9.50E-20
    692.90  8.55E-20
    693.10  1.04E-19
    693.30  2.68E-19
    693.40  1.95E-18
    693.60  1.64E-16
    693.80  3.22E-18
    694.00  1.32E-18
    694.10  8.42E-19
    694.30  6.39E-19
    694.50  5.29E-19
    694.60  4.60E-19
    694.80  4.12E-19
    695.00  3.78E-19
    695.20  3.51E-19
    695.30  3.30E-19
    695.50  3.12E-19
    695.70  2.98E-19
    695.80  2.85E-19
    696.00  2.74E-19
    696.20  2.65E-19
    696.40  2.56E-19
    696.50  2.49E-19
    696.70  2.42E-19
    696.90  2.37E-19
    697.10  2.34E-19
    697.20  2.35E-19
    697.40  2.44E-19
    697.60  2.79E-19
    697.70  4.51E-19
    697.90  3.87E-18
    698.10  1.85E-18
    698.30  4.83E-19
    698.40  3.17E-19
    698.60  2.61E-19
    698.80  2.34E-19
    699.00  2.17E-19
    699.10  2.05E-19
    699.30  1.95E-19
    699.50  1.87E-19
    699.70  1.80E-19
    699.80  1.74E-19
    700.00  1.68E-19
    700.20  1.63E-19
    700.40  1.57E-19
    700.50  1.52E-19
    700.70  1.47E-19
    700.90  1.42E-19
    701.10  1.37E-19
    701.20  1.31E-19
    701.40  1.26E-19
    701.60  1.20E-19
    701.80  1.15E-19
    701.90  1.09E-19
    702.10  1.03E-19
    702.30  9.75E-20
    702.50  9.18E-20
    702.60  8.65E-20
    702.80  8.17E-20
    703.00  7.82E-20
    703.20  7.70E-20
    703.40  8.00E-20
    703.50  9.14E-20
    703.70  1.19E-19
    703.90  1.82E-19
    704.10  3.30E-19
    704.20  7.17E-19
    704.40  2.02E-18
    704.60  1.02E-17
    704.80  2.55E-16
    704.90  1.30E-17
    705.10  4.24E-18
    705.30  2.30E-18
    705.50  1.55E-18
    705.70  1.16E-18
    705.80  9.37E-19
    706.00  7.91E-19
    706.20  6.89E-19
    706.40  6.15E-19
    706.50  5.59E-19
    706.70  5.15E-19
    706.90  4.79E-19
    707.10  4.50E-19
    707.30  4.26E-19
    707.40  4.05E-19
    707.60  3.87E-19
    707.80  3.72E-19
    708.00  3.58E-19
    708.10  3.46E-19
    708.30  3.35E-19
    708.50  3.26E-19
    708.70  3.17E-19
    708.90  3.09E-19
    709.00  3.02E-19
    709.20  2.95E-19
    709.40  2.89E-19
    709.60  2.83E-19
    709.80  2.78E-19
    709.90  2.73E-19
    710.10  2.68E-19
    710.30  2.64E-19
    710.50  2.60E-19
    710.70  2.56E-19
    710.80  2.52E-19
    711.00  2.49E-19
    711.20  2.45E-19
    711.40  2.42E-19
    711.60  2.39E-19
    711.70  2.36E-19
    711.90  2.33E-19
    712.10  2.30E-19
    712.30  2.28E-19
    712.50  2.25E-19
    712.60  2.24E-19
    712.80  4.43E-19
    713.00  2.27E-19
    713.20  2.19E-19
    713.40  2.16E-19
    713.60  2.13E-19
    713.70  2.11E-19
    713.90  2.09E-19
    714.10  2.07E-19
    714.30  2.05E-19
    714.50  2.03E-19
    714.60  2.01E-19
    714.80  2.00E-19
    715.00  1.98E-19
    715.20  1.96E-19
    715.40  1.94E-19
    715.60  1.93E-19
    715.70  1.91E-19
    715.90  1.89E-19
    716.10  1.88E-19
    716.30  1.87E-19
    716.50  1.85E-19
    716.70  1.84E-19
    716.80  1.82E-19
    717.00  1.81E-19
    717.20  1.80E-19
    717.40  1.78E-19
    717.60  1.77E-19
    717.80  1.76E-19
    717.90  1.75E-19
    718.10  1.74E-19
    718.30  1.73E-19
    718.50  1.73E-19
    718.70  1.72E-19
    718.90  1.72E-19
    719.00  1.72E-19
    719.20  1.73E-19
    719.40  1.75E-19
    719.60  1.78E-19
    719.80  1.83E-19
    720.00  1.90E-19
    720.20  2.03E-19
    720.30  2.24E-19
    720.50  2.64E-19
    720.70  3.45E-19
    720.90  5.46E-19
    721.10  1.26E-18
    721.30  7.88E-18
    721.40  1.26E-17
    721.60  1.73E-18
    721.80  7.38E-19
    722.00  4.60E-19
    722.20  3.43E-19
    722.40  2.81E-19
    722.60  2.45E-19
    722.70  2.21E-19
    722.90  2.04E-19
    723.10  1.91E-19
    723.30  1.81E-19
    723.50  1.73E-19
    723.70  1.67E-19
    723.90  1.61E-19
    724.10  1.57E-19
    724.20  1.52E-19
    724.40  1.48E-19
    724.60  1.45E-19
    724.80  1.41E-19
    725.00  1.38E-19
    725.20  1.35E-19
    725.40  1.32E-19
    725.60  1.29E-19
    725.70  1.27E-19
    725.90  1.24E-19
    726.10  1.21E-19
    726.30  1.19E-19
    726.50  1.16E-19
    726.70  1.13E-19
    726.90  1.11E-19
    727.10  1.08E-19
    727.20  1.06E-19
    727.40  1.03E-19
    727.60  1.00E-19
    727.80  9.77E-20
    728.00  9.50E-20
    728.20  9.24E-20
    728.40  8.98E-20
    728.60  8.72E-20
    728.80  8.46E-20
    728.90  8.21E-20
    729.10  7.97E-20
    729.30  7.75E-20
    729.50  7.55E-20
    729.70  7.40E-20
    729.90  7.30E-20
    730.10  7.28E-20
    730.30  7.39E-20
    730.50  7.70E-20
    730.70  8.36E-20
    730.80  9.64E-20
    731.00  1.23E-19
    731.20  1.85E-19
    731.40  4.02E-19
    731.60  3.18E-18
    731.80  1.89E-18
    732.00  3.96E-19
    732.20  3.14E-19
    732.40  3.92E-19
    732.60  5.94E-19
    732.80  1.02E-18
    733.00  2.00E-18
    733.10  4.83E-18
    733.30  1.81E-17
    733.50  2.45E-16
    733.70  4.33E-17
    733.90  1.12E-17
    734.10  5.32E-18
    734.30  3.26E-18
    734.50  2.29E-18
    734.70  1.74E-18
    734.90  1.40E-18
    735.10  1.17E-18
    735.30  1.00E-18
    735.50  8.81E-19
    735.60  7.88E-19
    735.80  7.15E-19
    736.00  6.56E-19
    736.20  6.07E-19
    736.40  5.67E-19
    736.60  5.33E-19
    736.80  5.04E-19
    737.00  4.78E-19
    737.20  4.56E-19
    737.40  4.37E-19
    737.60  4.20E-19
    737.80  4.04E-19
    738.00  3.91E-19
    738.20  3.78E-19
    738.40  3.67E-19
    738.50  3.57E-19
    738.70  3.47E-19
    738.90  3.39E-19
    739.10  3.31E-19
    739.30  3.23E-19
    739.50  3.16E-19
    739.70  3.10E-19
    739.90  3.04E-19
    740.10  2.98E-19
    740.30  2.93E-19
    740.50  2.88E-19
    740.70  2.84E-19
    740.90  2.79E-19
    741.10  2.75E-19
    741.30  2.71E-19
    741.50  2.67E-19
    741.70  2.64E-19
    741.90  2.61E-19
    742.10  2.57E-19
    742.30  2.54E-19
    742.50  2.51E-19
    742.70  2.48E-19
    742.90  2.46E-19
    743.10  2.43E-19
    743.20  2.41E-19
    743.40  2.38E-19
    743.60  2.36E-19
    743.80  2.34E-19
    744.00  2.32E-19
    744.20  2.29E-19
    744.40  2.28E-19
    744.60  2.26E-19
    744.80  2.24E-19
    745.00  2.22E-19
    745.20  2.20E-19
    745.40  2.18E-19
    745.60  2.17E-19
    745.80  2.15E-19
    746.00  2.13E-19
    746.20  2.12E-19
    746.40  2.10E-19
    746.60  2.09E-19
    746.80  2.08E-19
    747.00  2.06E-19
    747.20  2.05E-19
    747.40  2.03E-19
    747.60  2.02E-19
    747.80  2.01E-19
    748.00  2.00E-19
    748.20  1.98E-19
    748.40  1.97E-19
    748.60  1.96E-19
    748.80  1.95E-19
    749.00  1.94E-19
    749.20  1.93E-19
    749.40  1.92E-19
    749.60  1.91E-19
    749.80  1.90E-19
    750.00  1.89E-19
    750.20  1.88E-19
    750.40  1.87E-19
    750.60  1.86E-19
    750.80  1.85E-19
    751.00  1.84E-19
    751.20  1.83E-19
    751.40  1.82E-19
    751.60  1.81E-19
    751.80  1.80E-19
    752.00  1.80E-19
    752.20  1.79E-19
    752.40  1.78E-19
    752.60  1.77E-19
    752.80  1.76E-19
    753.00  1.76E-19
    753.20  1.75E-19
    753.40  1.74E-19
    753.60  1.73E-19
    753.80  1.73E-19
    754.00  1.72E-19
    754.20  1.71E-19
    754.40  1.71E-19
    754.70  1.70E-19
    754.90  1.69E-19
    755.10  1.69E-19
    755.30  1.68E-19
    755.50  1.68E-19
    755.70  1.67E-19
    755.90  1.66E-19
    756.10  1.66E-19
    756.30  1.65E-19
    756.50  1.65E-19
    756.70  1.64E-19
    756.90  1.64E-19
    757.10  1.64E-19
    757.30  1.63E-19
    757.50  1.63E-19
    757.70  1.62E-19
    757.90  1.62E-19
    758.10  1.62E-19
    758.30  1.62E-19
    758.50  1.61E-19
    758.70  1.61E-19
    758.90  1.61E-19
    759.10  1.61E-19
    759.40  1.61E-19
    759.60  1.61E-19
    759.80  1.61E-19
    760.00  1.62E-19
    760.20  1.62E-19
    760.40  1.62E-19
    760.60  1.63E-19
    760.80  1.64E-19
    761.00  1.64E-19
    761.20  1.65E-19
    761.40  1.67E-19
    761.60  1.68E-19
    761.80  1.70E-19
    762.00  1.72E-19
    762.20  1.74E-19
    762.40  1.77E-19
    762.70  1.81E-19
    762.90  1.85E-19
    763.10  1.89E-19
    763.30  1.95E-19
    763.50  2.02E-19
    763.70  2.11E-19
    763.90  2.21E-19
    764.10  2.34E-19
    764.30  2.50E-19
    764.50  2.71E-19
    764.70  2.98E-19
    764.90  3.33E-19
    765.20  3.80E-19
    765.40  4.47E-19
    765.60  5.43E-19
    765.80  6.89E-19
    766.00  9.26E-19
    766.20  1.35E-18
    766.40  2.18E-18
    766.60  4.22E-18
    766.80  1.09E-17
    767.00  3.39E-17
    767.20  1.98E-17
    767.50  6.62E-18
    767.70  3.10E-18
    767.90  1.80E-18
    768.10  1.20E-18
    768.30  8.74E-19
    768.50  6.76E-19
    768.70  5.48E-19
    768.90  4.60E-19
    769.10  3.97E-19
    769.40  3.50E-19
    769.60  3.14E-19
    769.80  2.86E-19
    770.00  2.63E-19
    770.20  2.45E-19
    770.40  2.30E-19
    770.60  2.17E-19
    770.80  2.06E-19
    771.00  1.97E-19
    771.30  1.89E-19
    771.50  1.82E-19
    771.70  1.75E-19
    771.90  1.70E-19
    772.10  1.65E-19
    772.30  1.60E-19
    772.50  1.56E-19
    772.70  1.53E-19
    773.00  1.49E-19
    773.20  1.46E-19
    773.40  1.43E-19
    773.60  1.40E-19
    773.80  1.37E-19
    774.00  1.35E-19
    774.20  1.33E-19
    774.50  1.30E-19
    774.70  1.28E-19
    774.90  1.26E-19
    775.10  1.25E-19
    775.30  1.23E-19
    775.50  1.21E-19
    775.70  1.19E-19
    776.00  1.17E-19
    776.20  1.16E-19
    776.40  1.14E-19
    776.60  1.13E-19
    776.80  1.11E-19
    777.00  1.10E-19
    777.20  1.08E-19
    777.50  1.07E-19
    777.70  1.05E-19
    777.90  1.04E-19
    778.10  1.03E-19
    778.30  1.01E-19
    778.50  9.98E-20
    778.80  9.85E-20
    779.00  9.71E-20
    779.20  9.58E-20
    779.40  9.45E-20
    779.60  9.31E-20
    779.80  9.18E-20
    780.10  9.04E-20
    780.30  8.91E-20
    780.50  8.78E-20
    780.70  8.64E-20
    780.90  8.51E-20
    781.10  8.37E-20
    781.40  8.24E-20
    781.60  8.10E-20
    781.80  7.96E-20
    782.00  7.82E-20
    782.20  7.69E-20
    782.40  7.55E-20
    782.70  7.40E-20
    782.90  7.26E-20
    783.10  7.12E-20
    783.30  6.98E-20
    783.50  6.84E-20
    783.80  6.69E-20
    784.00  6.55E-20
    784.20  6.40E-20
    784.40  6.26E-20
    784.60  6.11E-20
    784.90  5.97E-20
    785.10  5.83E-20
    785.30  5.69E-20
    785.50  5.55E-20
    785.70  5.41E-20
    786.00  5.28E-20
    786.20  5.15E-20
    786.40  5.03E-20
    786.60  4.92E-20
    786.80  4.81E-20
    787.10  4.73E-20
    787.30  4.65E-20
    787.50  4.60E-20
    787.70  4.57E-20
    787.90  4.57E-20
    788.20  4.61E-20
    788.40  4.70E-20
    788.60  4.84E-20
    788.80  5.07E-20
    789.10  5.39E-20
    789.30  5.84E-20
    789.50  6.44E-20
    789.70  7.25E-20
    789.90  8.33E-20
    790.20  9.77E-20
    790.40  1.17E-19
    790.60  1.43E-19
    790.80  1.78E-19
    791.10  2.26E-19
    791.30  2.93E-19
    791.50  3.88E-19
    791.70  5.29E-19
    792.00  7.43E-19
    792.20  1.09E-18
    792.40  1.67E-18
    792.60  2.77E-18
    792.80  5.13E-18
    793.10  1.15E-17
    793.30  3.89E-17
    793.50  3.22E-16
    793.70  8.83E-17
    794.00  2.27E-17
    794.20  1.04E-17
    794.40  6.10E-18
    794.60  4.11E-18
    794.90  3.01E-18
    795.10  2.34E-18
    795.30  1.89E-18
    795.50  1.58E-18
    795.80  1.35E-18
    796.00  1.18E-18
    796.20  1.05E-18
    796.40  9.38E-19
    796.70  8.52E-19
    796.90  7.80E-19
    797.10  7.20E-19
    797.40  6.69E-19
    797.60  6.26E-19
    797.80  5.88E-19
    798.00  5.55E-19
    798.30  5.27E-19
    798.50  5.01E-19
    798.70  4.78E-19
    798.90  4.58E-19
    799.20  4.40E-19
    799.40  4.23E-19
    799.60  4.08E-19
    799.90  3.94E-19
    800.10  3.82E-19
    800.30  3.70E-19
    800.50  3.60E-19
    800.80  3.50E-19
    801.00  3.41E-19
    801.20  3.32E-19
    801.50  3.24E-19
    801.70  3.17E-19
    801.90  3.10E-19
    802.10  3.03E-19
    802.40  2.97E-19
    802.60  2.91E-19
    802.80  2.86E-19
    803.10  2.81E-19
    803.30  2.76E-19
    803.50  2.71E-19
    803.80  2.67E-19
  0
***
