       403      0.00    418.85 N+       N^2+         2
Cross section:
Lambda = 0.1 - 190.00 A
   Verner, D. A., Yakovlev, D. G., Band, I. M., Trzhaskovskaya, M. B. (1993)
   Atomic Data Nuclear Data Tables 55, 233.
   Verner, D. A., Yakovlev, D. G. (1995)
   Astron. Astrophys. Suppl. 109, 125.
   Verner, D. A., Ferland, G. J., Korista, K. T., Yakovlev, D. G. (1996)
   Astrophys. J. 465, 487.
Lambda = 193.80 - 425.10 A
   TOPbase:  Photoionisation Cross Sections, 
   http://cdsweb.u-strasbg.fr/topbase/xsections.html.
Threshold:
Lambda = 418.85 A
   Eriksson, K. B. S. (1983)
   Phys. Scr. 28, 593.

      0.10  2.34E-26
     10.00  4.28E-20
     20.00  2.68E-19
     29.27  6.47E-19
     29.28  3.66E-20
     30.00  3.89E-20
     40.00  7.87E-20
     50.00  1.34E-19
     60.00  2.03E-19
     70.00  2.88E-19
     80.00  3.86E-19
     90.00  4.98E-19
    100.00  6.24E-19
    110.00  7.62E-19
    120.00  9.13E-19
    130.00  1.08E-18
    140.00  1.25E-18
    150.00  1.44E-18
    160.00  1.64E-18
    170.00  1.84E-18
    180.00  2.06E-18
    190.00  2.29E-18
    193.80  2.37E-18
    210.80  2.89E-18
    210.90  2.88E-18
    211.10  2.74E-18
    211.20  2.76E-18
    211.30  2.98E-18
    211.40  2.89E-18
    211.60  2.79E-18
    211.70  2.75E-18
    211.90  2.81E-18
    212.00  3.02E-18
    212.40  2.82E-18
    212.50  2.72E-18
    212.60  2.82E-18
    212.80  2.81E-18
    212.90  2.99E-18
    213.00  3.09E-18
    213.10  2.94E-18
    213.70  2.85E-18
    213.80  2.76E-18
    213.90  2.85E-18
    214.30  2.85E-18
    214.40  2.90E-18
    214.50  3.15E-18
    214.70  2.98E-18
    215.70  2.91E-18
    215.90  2.81E-18
    216.00  2.90E-18
    216.30  2.93E-18
    216.90  2.95E-18
    217.10  3.24E-18
    217.20  3.19E-18
    217.40  3.05E-18
    219.30  3.00E-18
    219.80  2.92E-18
    220.00  3.02E-18
    221.30  3.05E-18
    221.80  3.11E-18
    222.00  3.38E-18
    222.20  3.33E-18
    222.70  3.19E-18
    226.50  3.21E-18
    226.60  3.38E-18
    226.70  3.34E-18
    226.90  3.20E-18
    227.00  3.04E-18
    227.10  3.25E-18
    227.20  3.39E-18
    227.50  3.19E-18
    227.60  2.98E-18
    227.70  3.06E-18
    227.80  3.08E-18
    227.90  3.40E-18
    228.00  3.40E-18
    228.30  3.06E-18
    228.50  3.13E-18
    228.60  3.05E-18
    228.70  3.26E-18
    228.90  3.30E-18
    229.00  3.41E-18
    229.10  3.39E-18
    229.80  3.28E-18
    230.00  3.19E-18
    230.10  3.09E-18
    230.20  3.32E-18
    230.40  3.31E-18
    230.70  3.41E-18
    230.80  3.51E-18
    230.90  3.50E-18
    231.00  3.40E-18
    232.50  3.27E-18
    232.60  3.49E-18
    232.70  3.50E-18
    233.20  3.67E-18
    233.60  3.63E-18
    233.70  3.66E-18
    234.00  3.58E-18
    236.00  3.62E-18
    236.30  3.44E-18
    236.50  3.47E-18
    236.60  3.67E-18
    236.80  3.47E-18
    237.00  3.30E-18
    237.10  3.24E-18
    237.20  3.35E-18
    237.30  3.52E-18
    237.40  3.67E-18
    238.00  3.45E-18
    238.10  3.51E-18
    238.50  3.49E-18
    238.60  3.71E-18
    239.00  3.48E-18
    239.10  3.60E-18
    239.20  3.73E-18
    239.30  3.73E-18
    239.60  3.50E-18
    239.70  3.76E-18
    240.20  3.67E-18
    240.60  3.72E-18
    242.10  3.56E-18
    242.30  3.64E-18
    243.50  3.66E-18
    243.70  3.84E-18
    243.80  3.77E-18
    246.10  3.64E-18
    246.80  3.44E-18
    247.00  3.42E-18
    247.20  3.65E-18
    247.40  3.77E-18
    249.30  3.76E-18
    249.60  3.95E-18
    249.90  3.86E-18
    250.50  3.75E-18
    250.90  3.99E-18
    251.50  4.01E-18
    251.70  4.10E-18
    251.90  4.04E-18
    253.10  4.00E-18
    254.70  3.96E-18
    255.60  3.74E-18
    255.90  3.81E-18
    257.40  4.06E-18
    260.90  4.12E-18
    261.10  3.90E-18
    261.20  5.14E-18
    261.30  4.21E-18
    261.90  3.95E-18
    262.00  4.96E-18
    262.10  4.38E-18
    262.20  4.21E-18
    263.00  4.13E-18
    263.10  5.03E-18
    263.20  5.26E-18
    263.30  4.48E-18
    264.70  4.23E-18
    264.80  4.36E-18
    264.90  3.80E-18
    265.00  5.59E-18
    265.10  4.55E-18
    265.20  4.40E-18
    265.70  4.26E-18
    267.40  4.31E-18
    267.50  4.46E-18
    267.80  4.92E-18
    267.90  5.40E-18
    268.00  4.75E-18
    268.10  4.56E-18
    268.30  4.39E-18
    270.20  4.03E-18
    270.30  4.30E-18
    270.80  4.32E-18
    271.30  4.48E-18
    272.00  4.36E-18
    272.10  4.53E-18
    272.20  4.85E-18
    272.30  4.25E-18
    272.80  4.53E-18
    272.90  4.33E-18
    273.00  5.28E-18
    273.10  5.32E-18
    273.20  4.88E-18
    273.30  4.62E-18
    273.40  5.07E-18
    273.50  4.69E-18
    273.60  4.50E-18
    275.10  4.40E-18
    275.30  4.76E-18
    275.40  4.51E-18
    276.00  4.32E-18
    277.20  4.07E-18
    277.40  4.18E-18
    277.60  4.72E-18
    277.70  4.94E-18
    277.80  4.64E-18
    278.30  4.75E-18
    278.40  5.08E-18
    278.50  4.73E-18
    281.10  4.56E-18
    282.40  4.49E-18
    283.50  4.29E-18
    283.60  4.37E-18
    283.80  4.89E-18
    283.90  4.98E-18
    284.00  6.36E-18
    284.10  6.27E-18
    284.20  5.25E-18
    284.30  4.73E-18
    284.50  4.37E-18
    284.60  5.48E-18
    284.70  6.20E-18
    284.90  5.76E-18
    285.10  5.34E-18
    285.60  5.08E-18
    287.10  4.92E-18
    288.00  5.16E-18
    289.40  5.12E-18
    294.50  5.18E-18
    295.10  5.34E-18
    295.50  5.91E-18
    295.70  5.37E-18
    295.80  5.23E-18
    297.00  5.22E-18
    297.20  5.11E-18
    297.30  5.14E-18
    297.80  5.10E-18
    298.00  5.24E-18
    298.20  5.12E-18
    298.30  5.17E-18
    298.40  5.20E-18
    299.40  5.28E-18
    299.70  5.16E-18
    299.80  5.23E-18
    299.90  5.25E-18
    300.80  5.33E-18
    301.00  5.30E-18
    301.40  5.34E-18
    301.90  5.21E-18
    302.10  5.26E-18
    302.30  5.32E-18
    303.80  5.40E-18
    303.90  5.42E-18
    304.00  5.45E-18
    304.40  5.42E-18
    305.50  5.31E-18
    305.70  5.53E-18
    305.90  5.30E-18
    306.20  5.47E-18
    308.80  5.49E-18
    308.90  5.65E-18
    309.00  5.55E-18
    310.40  5.60E-18
    311.10  5.77E-18
    311.30  6.06E-18
    311.40  7.43E-18
    311.50  8.10E-18
    311.60  5.75E-18
    311.70  5.43E-18
    311.80  5.41E-18
    312.10  5.66E-18
    312.40  5.46E-18
    312.70  5.54E-18
    313.90  5.44E-18
    314.10  5.55E-18
    314.20  5.85E-18
    314.30  6.59E-18
    314.40  7.54E-18
    314.60  7.64E-18
    314.70  7.23E-18
    314.90  6.60E-18
    315.10  6.30E-18
    315.80  5.86E-18
    316.10  5.50E-18
    316.20  5.48E-18
    316.40  8.47E-18
    316.50  7.36E-18
    316.60  6.79E-18
    316.70  6.55E-18
    317.00  6.34E-18
    318.40  6.06E-18
    318.50  6.30E-18
    318.70  6.10E-18
    318.80  6.17E-18
    323.10  6.15E-18
    324.90  6.00E-18
    325.30  6.01E-18
    325.70  6.49E-18
    326.20  6.61E-18
    326.60  6.32E-18
    327.00  6.34E-18
    327.90  6.77E-18
    328.30  7.40E-18
    328.60  7.60E-18
    329.00  6.86E-18
    329.30  6.64E-18
    330.00  6.46E-18
    344.80  6.29E-18
    344.90  5.77E-18
    345.10  4.97E-18
    345.20  1.13E-17
    345.30  9.98E-18
    345.40  6.89E-18
    345.50  6.46E-18
    346.10  5.78E-18
    346.20  5.68E-18
    346.40  5.26E-18
    346.50  7.07E-18
    346.60  1.26E-17
    346.70  9.31E-18
    346.80  7.24E-18
    347.00  6.52E-18
    347.70  5.97E-18
    347.80  5.87E-18
    347.90  5.86E-18
    348.20  5.41E-18
    348.40  4.89E-18
    348.50  8.40E-18
    348.60  1.41E-17
    348.70  9.99E-18
    348.80  7.84E-18
    348.90  7.04E-18
    349.20  6.61E-18
    350.40  6.00E-18
    350.90  5.57E-18
    351.30  5.64E-18
    351.40  8.64E-18
    351.50  3.74E-18
    351.60  2.95E-17
    351.70  1.12E-17
    351.80  8.68E-18
    351.90  7.71E-18
    352.10  7.24E-18
    352.50  6.77E-18
    353.80  6.31E-18
    355.00  5.88E-18
    355.70  5.34E-18
    355.80  6.29E-18
    355.90  8.53E-18
    356.00  5.93E-18
    356.20  3.08E-18
    356.30  2.58E-17
    356.40  1.81E-17
    356.50  1.18E-17
    356.60  9.75E-18
    356.70  8.89E-18
    356.90  8.13E-18
    357.20  7.48E-18
    357.90  7.01E-18
    360.40  6.50E-18
    362.20  6.04E-18
    362.80  5.62E-18
    363.10  5.15E-18
    363.30  4.57E-18
    363.40  4.10E-18
    363.50  3.41E-18
    363.60  2.39E-18
    363.70  2.69E-18
    363.80  3.44E-17
    364.00  1.92E-17
    364.10  1.32E-17
    364.20  1.10E-17
    364.30  9.92E-18
    364.40  9.26E-18
    364.60  8.50E-18
    365.00  7.94E-18
    366.30  6.98E-18
    366.40  1.41E-17
    366.60  1.24E-17
    366.70  8.80E-18
    366.80  8.14E-18
    367.00  7.88E-18
    367.50  7.54E-18
    368.30  7.55E-18
    368.60  7.84E-18
    368.80  8.56E-18
    368.90  2.10E-18
    369.00  6.20E-18
    369.20  6.64E-18
    369.30  6.79E-18
    370.00  6.96E-18
    377.30  6.83E-18
    380.50  6.45E-18
    381.70  5.99E-18
    382.50  5.38E-18
    382.80  6.25E-18
    383.00  2.95E-17
    383.30  9.42E-18
    383.60  6.83E-18
    383.80  5.45E-18
    384.10  3.88E-18
    384.40  4.57E-18
    384.70  4.10E-17
    385.00  1.61E-17
    385.30  1.23E-17
    385.60  1.08E-17
    385.90  1.00E-17
    386.20  9.54E-18
    386.80  8.98E-18
    388.00  8.46E-18
    391.40  8.05E-18
    418.70  7.78E-18
    425.10  7.37E-18
  0
***
