       396      0.00    302.67 Ne+      Ne^2+        2
Cross section:
Lambda = 0.1 - 150.00 A
   Verner, D. A., Yakovlev, D. G., Band, I. M., Trzhaskovskaya, M. B. (1993)
   Atomic Data Nuclear Data Tables 55, 233.
   Verner, D. A., Yakovlev, D. G. (1995)
   Astron. Astrophys. Suppl. 109, 125.
   Verner, D. A., Ferland, G. J., Korista, K. T., Yakovlev, D. G. (1996)
   Astrophys. J. 465, 487.
Lambda = 151.72 - 307.19 A
   TOPbase:  Photoionisation Cross Sections, 
   http://cdsweb.u-strasbg.fr/topbase/xsections.html.
Threshold:
Lambda = 302.67 A
   Persson, W. (1971)
   Phys. Scr. 3, 133.

      0.10  1.21E-25
     10.00  1.45E-19
     14.04  3.21E-19
     14.05  2.21E-20
     20.00  5.78E-20
     30.00  1.66E-19
     40.00  3.39E-19
     50.00  5.75E-19
     60.00  8.72E-19
     70.00  1.23E-18
     80.00  1.63E-18
     90.00  2.07E-18
    100.00  2.55E-18
    110.00  3.06E-18
    120.00  3.59E-18
    130.00  4.13E-18
    140.00  4.68E-18
    150.00  5.22E-18
    151.72  5.26E-18
    162.68  5.72E-18
    162.82  5.53E-18
    162.83  5.27E-18
    162.84  6.59E-18
    162.85  5.93E-18
    163.14  5.57E-18
    163.16  5.20E-18
    163.17  6.89E-18
    163.18  6.47E-18
    163.20  5.91E-18
    163.60  5.61E-18
    163.64  5.54E-18
    163.65  4.93E-18
    163.66  8.61E-18
    163.67  6.31E-18
    163.69  5.94E-18
    164.29  5.65E-18
    164.36  5.33E-18
    164.37  5.52E-18
    164.38  5.11E-18
    164.39  6.33E-18
    164.40  6.42E-18
    164.44  5.98E-18
    165.47  5.64E-18
    165.54  5.25E-18
    165.56  5.35E-18
    165.57  4.61E-18
    165.59  8.26E-18
    165.60  6.61E-18
    165.62  6.29E-18
    165.67  6.04E-18
    167.45  5.78E-18
    167.65  5.42E-18
    167.67  5.85E-18
    167.70  5.07E-18
    167.73  1.06E-17
    167.76  7.08E-18
    167.79  6.49E-18
    167.91  6.12E-18
    171.70  5.95E-18
    172.09  5.59E-18
    172.16  5.78E-18
    172.22  5.14E-18
    172.29  1.14E-17
    172.36  7.15E-18
    172.43  6.66E-18
    172.71  6.33E-18
    182.02  6.50E-18
    184.82  6.38E-18
    185.04  6.08E-18
    185.26  5.25E-18
    185.49  8.45E-18
    185.73  7.33E-18
    185.96  7.10E-18
    188.48  6.93E-18
    188.80  6.58E-18
    188.90  6.05E-18
    188.92  5.42E-18
    188.93  6.49E-18
    188.94  4.62E-18
    188.95  1.52E-17
    188.96  9.67E-18
    188.97  8.14E-18
    189.00  7.14E-18
    189.31  6.15E-18
    189.35  5.43E-18
    189.36  6.33E-18
    189.37  6.66E-18
    189.38  5.09E-18
    189.39  3.45E-18
    189.40  1.94E-17
    189.41  9.85E-18
    189.42  8.51E-18
    189.43  7.69E-18
    189.47  7.15E-18
    189.92  6.16E-18
    189.97  5.52E-18
    189.98  5.98E-18
    189.99  6.86E-18
    190.02  4.73E-18
    190.03  2.86E-18
    190.04  2.17E-17
    190.05  1.39E-17
    190.06  9.31E-18
    190.07  8.60E-18
    190.09  7.74E-18
    190.15  7.18E-18
    190.81  6.23E-18
    190.89  5.64E-18
    190.91  5.80E-18
    190.92  6.91E-18
    190.98  5.19E-18
    190.99  4.50E-18
    191.00  3.17E-18
    191.01  2.99E-17
    191.02  2.02E-17
    191.04  1.15E-17
    191.05  9.55E-18
    191.06  8.74E-18
    191.10  7.80E-18
    191.20  7.18E-18
    192.19  6.40E-18
    192.40  5.76E-18
    192.42  6.76E-18
    192.43  6.88E-18
    192.51  5.69E-18
    192.55  4.72E-18
    192.57  3.60E-18
    192.60  8.35E-18
    192.62  2.77E-17
    192.64  1.26E-17
    192.66  9.96E-18
    192.68  8.97E-18
    192.74  7.91E-18
    192.92  7.26E-18
    194.74  6.45E-18
    195.02  5.87E-18
    195.06  6.35E-18
    195.10  7.11E-18
    195.28  5.86E-18
    195.36  5.06E-18
    195.40  4.21E-18
    195.43  2.61E-18
    195.47  2.04E-17
    195.55  1.08E-17
    195.59  9.42E-18
    195.63  8.75E-18
    195.75  7.93E-18
    196.09  7.36E-18
    199.75  6.69E-18
    200.44  6.12E-18
    200.61  7.28E-18
    201.11  5.98E-18
    201.29  5.11E-18
    201.38  4.09E-18
    201.47  4.00E-18
    201.56  2.79E-17
    201.65  1.43E-17
    201.74  1.07E-17
    201.83  9.48E-18
    201.93  8.90E-18
    202.22  8.15E-18
    203.03  7.63E-18
    212.51  7.25E-18
    215.36  6.72E-18
    215.62  7.64E-18
    215.88  7.72E-18
    217.55  6.65E-18
    218.14  5.80E-18
    218.44  4.64E-18
    218.75  2.97E-17
    219.06  1.98E-17
    219.38  1.44E-17
    219.70  1.09E-17
    220.02  9.81E-18
    221.03  8.80E-18
    223.98  8.28E-18
    262.49  8.52E-18
    262.51  1.03E-17
    262.52  3.31E-17
    262.53  9.04E-18
    262.54  8.46E-18
    262.55  8.18E-18
    263.10  7.87E-18
    263.16  8.80E-18
    263.17  9.01E-18
    263.18  8.66E-18
    263.21  8.52E-18
    263.22  9.09E-18
    263.23  1.10E-17
    263.24  4.43E-17
    263.25  1.32E-17
    263.26  9.14E-18
    263.27  8.50E-18
    263.28  8.20E-18
    264.08  7.83E-18
    264.14  7.27E-18
    264.15  1.05E-17
    264.16  9.13E-18
    264.17  8.70E-18
    264.21  8.52E-18
    264.23  9.04E-18
    264.24  1.07E-17
    264.26  3.73E-17
    264.27  1.40E-17
    264.28  9.23E-18
    264.29  8.54E-18
    264.32  8.22E-18
    265.50  7.80E-18
    265.57  7.27E-18
    265.59  1.03E-17
    265.61  9.29E-18
    265.63  8.76E-18
    265.68  8.52E-18
    265.72  9.00E-18
    265.74  1.05E-17
    265.75  3.39E-17
    265.77  1.45E-17
    265.79  9.30E-18
    265.81  8.57E-18
    265.85  8.24E-18
    267.70  7.81E-18
    267.81  7.31E-18
    267.84  9.28E-18
    267.87  9.55E-18
    267.90  8.84E-18
    267.98  8.53E-18
    268.04  8.99E-18
    268.07  1.05E-17
    268.10  3.49E-17
    268.13  1.43E-17
    268.16  9.33E-18
    268.19  8.61E-18
    268.25  8.27E-18
    271.34  7.85E-18
    271.59  7.37E-18
    271.64  7.93E-18
    271.69  1.00E-17
    271.74  8.98E-18
    271.89  8.54E-18
    272.00  9.01E-18
    272.05  1.08E-17
    272.10  4.61E-17
    272.15  1.30E-17
    272.21  9.26E-18
    272.26  8.63E-18
    272.37  8.31E-18
    278.16  7.88E-18
    278.86  7.32E-18
    278.96  1.08E-17
    279.07  9.28E-18
    279.17  8.78E-18
    279.49  8.65E-18
    279.60  9.12E-18
    279.71  1.23E-17
    279.82  4.70E-17
    279.93  1.10E-17
    280.04  9.08E-18
    280.15  8.62E-18
    280.38  8.35E-18
    284.85  8.06E-18
    284.86  9.80E-18
    284.87  1.39E-17
    284.88  3.41E-17
    284.89  9.37E-17
    284.90  4.98E-18
    284.91  1.54E-18
    284.92  1.73E-18
    284.93  2.51E-18
    284.95  3.24E-18
    284.98  3.77E-18
    285.06  4.36E-18
    285.43  5.30E-18
    285.58  6.03E-18
    285.63  6.75E-18
    285.64  7.35E-18
    285.65  6.26E-18
    285.66  6.99E-18
    285.68  7.97E-18
    285.70  9.75E-18
    285.71  1.17E-17
    285.72  1.60E-17
    285.74  5.34E-17
    285.75  1.28E-16
    285.76  5.21E-18
    285.77  1.61E-18
    285.78  1.79E-18
    285.80  2.56E-18
    285.83  3.28E-18
    285.87  3.80E-18
    285.98  4.38E-18
    286.44  5.22E-18
    286.70  5.95E-18
    286.78  6.73E-18
    286.80  7.25E-18
    286.81  6.12E-18
    286.82  6.96E-18
    286.85  7.93E-18
    286.88  9.70E-18
    286.89  1.16E-17
    286.91  1.60E-17
    286.92  3.56E-17
    286.94  4.20E-17
    286.95  1.29E-16
    286.96  5.29E-18
    286.98  1.68E-18
    286.99  1.86E-18
    287.02  2.62E-18
    287.07  3.33E-18
    287.13  3.84E-18
    287.27  4.38E-18
    288.27  5.72E-18
    288.45  6.50E-18
    288.49  7.15E-18
    288.51  5.88E-18
    288.53  6.93E-18
    288.58  7.90E-18
    288.62  9.65E-18
    288.64  1.16E-17
    288.66  1.61E-17
    288.68  3.94E-17
    288.71  2.97E-17
    288.73  1.32E-16
    288.75  5.13E-18
    288.77  1.78E-18
    288.79  1.97E-18
    288.84  2.72E-18
    288.88  3.22E-18
    288.97  3.81E-18
    289.21  4.43E-18
    290.78  5.74E-18
    291.07  6.48E-18
    291.14  7.06E-18
    291.17  5.23E-18
    291.21  6.89E-18
    291.31  8.57E-18
    291.34  9.62E-18
    291.38  1.16E-17
    291.41  1.67E-17
    291.45  5.51E-17
    291.48  2.07E-17
    291.52  1.32E-16
    291.55  4.68E-18
    291.59  1.96E-18
    291.63  2.19E-18
    291.66  2.57E-18
    291.74  3.16E-18
    291.88  3.83E-18
    292.23  4.45E-18
    293.33  5.07E-18
    295.10  5.92E-18
    295.56  6.68E-18
    295.67  7.42E-18
    295.73  6.88E-18
    295.92  8.50E-18
    295.98  9.67E-18
    296.04  1.24E-17
    296.10  3.05E-17
    296.16  7.88E-18
    296.23  2.11E-17
    296.29  1.06E-16
    296.35  4.98E-18
    296.42  3.19E-18
    296.68  4.22E-18
    297.22  5.55E-18
    297.51  6.53E-18
    297.65  7.60E-18
    297.72  8.62E-18
    297.80  1.05E-17
    297.87  1.54E-17
    297.95  4.28E-17
    298.02  4.63E-17
    298.10  1.73E-18
    298.17  1.61E-18
    298.25  2.17E-18
    298.33  2.62E-18
    298.48  3.23E-18
    298.72  3.74E-18
    299.29  4.31E-18
    301.71  5.14E-18
    303.56  5.92E-18
    304.15  6.72E-18
    304.27  7.54E-18
    304.39  6.38E-18
    304.76  8.28E-18
    304.89  9.34E-18
    305.01  1.12E-17
    305.14  1.58E-17
    305.27  4.02E-17
    305.40  3.22E-17
    305.53  8.99E-17
    305.66  2.33E-18
    305.79  1.48E-18
    305.93  1.94E-18
    306.20  2.73E-18
    306.48  3.22E-18
    307.19  3.86E-18
  0
***
