       333      0.00   1163.62 S(1S)    S+           2
Cross section:
Lambda = 0.00 - 121.67 A
   Barfield, W. D., Koontz, G. D., Huebner, W. F. (1972)
   J. Quant. Spectr. Rad. Trans. 12, 1409.
Lambda = 200.00 - 547.00 A
   Chapman, R. D., Jenry, R. J. W. (1971)
   Astrophys. J. 168, 169.
Lambda = 547.80 - 1304. A
   TOPbase:  Photoionisation Cross Sections, 
   http://cdsweb.u-strasbg.fr/topbase/xsections.html.
Threshold:
Lambda = 1163.62 A                                    1196.76
   Martin, W. C., Zalubas, R., Musgrove, A. (1990)
   J. Phys. Chem. Ref. Data 19, 821.

      0.61  3.13E-22
      1.24  2.65E-21
      2.44  1.79E-20
      4.98  1.18E-19
      5.20  1.20E-20
      6.15  1.91E-20
     12.57  1.31E-19
     24.62  7.33E-19
     50.32  3.48E-18
     52.47  3.31E-18
     62.09  4.41E-18
     67.53  5.19E-18
     70.45  2.45E-18
     73.45  1.23E-19
    121.67  2.61E-19
    200.00  9.08E-19
    210.00  1.19E-18
    220.00  1.49E-18
    230.00  1.81E-18
    240.00  2.14E-18
    250.00  2.49E-18
    260.00  2.86E-18
    270.00  3.24E-18
    280.00  3.63E-18
    290.00  4.04E-18
    300.00  4.46E-18
    310.00  4.90E-18
    320.00  5.34E-18
    330.00  5.80E-18
    340.00  6.27E-18
    350.00  6.75E-18
    360.00  7.24E-18
    370.00  7.73E-18
    380.00  8.24E-18
    390.00  8.75E-18
    400.00  9.27E-18
    410.00  9.80E-18
    420.00  1.03E-17
    430.00  1.09E-17
    440.00  1.14E-17
    450.00  1.20E-17
    460.00  1.25E-17
    470.00  1.31E-17
    480.00  1.36E-17
    490.00  1.42E-17
    500.00  1.47E-17
    510.00  1.53E-17
    520.00  1.58E-17
    530.00  1.64E-17
    540.00  1.69E-17
    547.80  1.88E-17
    550.60  1.96E-17
    550.90  2.26E-17
    551.00  1.42E-17
    551.10  1.49E-17
    551.20  1.83E-17
    551.80  2.27E-17
    551.90  1.57E-17
    552.00  1.19E-17
    552.10  1.65E-17
    552.20  1.85E-17
    553.10  2.29E-17
    553.20  2.11E-17
    553.30  1.07E-17
    553.40  1.52E-17
    553.60  1.88E-17
    555.00  2.31E-17
    555.10  2.27E-17
    555.20  1.94E-17
    555.30  1.10E-17
    555.40  1.46E-17
    555.50  1.69E-17
    555.80  1.91E-17
    558.20  2.37E-17
    558.30  2.25E-17
    558.40  1.93E-17
    558.50  1.24E-17
    558.60  1.06E-17
    558.80  1.48E-17
    559.00  1.76E-17
    559.50  1.98E-17
    563.50  2.45E-17
    563.90  2.36E-17
    564.00  2.10E-17
    564.30  1.20E-17
    564.40  1.10E-17
    564.80  1.59E-17
    565.20  1.87E-17
    566.20  2.10E-17
    574.50  2.62E-17
    575.30  2.50E-17
    575.60  2.21E-17
    576.10  1.38E-17
    576.30  1.22E-17
    576.50  1.21E-17
    577.40  1.75E-17
    578.40  2.07E-17
    580.90  2.36E-17
    596.40  2.89E-17
    597.10  2.84E-17
    597.20  2.86E-17
    597.70  2.94E-17
    598.20  2.85E-17
    598.30  2.91E-17
    599.40  2.98E-17
    599.70  2.85E-17
    599.90  2.95E-17
    601.80  3.02E-17
    602.10  2.81E-17
    602.30  3.03E-17
    604.80  3.02E-17
    605.40  2.79E-17
    605.70  2.36E-17
    605.80  2.37E-17
    606.00  2.73E-17
    606.20  2.92E-17
    607.00  2.71E-17
    608.90  1.58E-17
    609.50  1.42E-17
    610.10  1.46E-17
    611.40  1.92E-17
    612.60  2.53E-17
    613.20  2.34E-17
    615.90  2.62E-17
    624.00  3.06E-17
    626.10  2.57E-17
    626.20  3.03E-17
    626.60  3.44E-17
    626.80  3.75E-17
    626.90  2.24E-17
    627.00  2.89E-17
    627.10  2.40E-17
    627.20  2.97E-17
    627.60  3.43E-17
    627.70  3.88E-17
    627.90  3.46E-17
    628.00  2.25E-17
    628.10  2.69E-17
    628.40  3.07E-17
    628.50  1.82E-17
    628.60  2.88E-17
    628.80  3.18E-17
    629.20  3.58E-17
    629.40  4.47E-17
    629.50  4.15E-17
    629.60  2.50E-17
    629.80  2.77E-17
    630.40  3.13E-17
    630.60  2.02E-17
    630.70  2.96E-17
    631.30  3.35E-17
    631.70  3.73E-17
    631.80  4.29E-17
    632.00  5.33E-17
    632.10  2.91E-17
    632.20  2.59E-17
    632.50  2.86E-17
    633.50  3.18E-17
    633.90  2.74E-17
    634.00  3.11E-17
    635.00  3.46E-17
    635.60  3.84E-17
    635.80  4.34E-17
    636.00  5.41E-17
    636.10  3.67E-17
    636.20  2.81E-17
    636.70  2.94E-17
    639.40  3.45E-17
    639.50  3.14E-17
    641.20  3.55E-17
    642.20  3.93E-17
    642.60  4.42E-17
    643.00  5.72E-17
    643.10  5.31E-17
    643.20  4.18E-17
    643.30  3.36E-17
    643.40  3.02E-17
    643.50  2.92E-17
    644.50  3.15E-17
    649.80  3.54E-17
    652.00  3.66E-17
    654.80  4.02E-17
    655.60  4.48E-17
    656.00  5.21E-17
    656.20  5.89E-17
    656.40  5.92E-17
    656.60  4.27E-17
    656.80  3.42E-17
    657.00  3.25E-17
    657.60  3.33E-17
    662.60  3.80E-17
    665.60  4.21E-17
    666.20  4.15E-17
    666.80  2.94E-17
    667.10  3.00E-17
    667.70  3.31E-17
    669.30  3.63E-17
    684.00  4.27E-17
    696.70  5.12E-17
    698.70  4.86E-17
    701.60  3.68E-17
    703.60  3.40E-17
    707.00  3.53E-17
    722.00  4.09E-17
    769.40  4.60E-17
    849.00  4.48E-17
   1150.00  3.38E-17
   1158.00  3.43E-16
   1159.00  3.94E-20
   1160.00  1.59E-18
   1161.00  1.07E-16
   1162.00  9.58E-19
   1163.00  2.41E-20
   1164.00  2.37E-19
   1165.00  1.02E-17
   1166.00  1.47E-16
   1167.00  1.54E-18
   1168.00  1.17E-19
   1169.00  1.01E-20
   1170.00  1.61E-19
   1171.00  1.29E-18
   1172.00  1.89E-17
   1173.00  1.98E-16
   1174.00  3.84E-18
   1175.00  7.62E-19
   1176.00  2.20E-19
   1177.00  2.93E-20
   1178.00  6.13E-21
   1179.00  8.00E-20
   1180.00  3.33E-19
   1181.00  9.89E-19
   1182.00  4.63E-18
   1183.00  1.57E-16
   1184.00  1.98E-16
   1185.00  1.45E-17
   1186.00  2.19E-18
   1187.00  8.23E-19
   1188.00  4.21E-19
   1189.00  2.08E-19
   1190.00  8.84E-20
   1191.00  2.59E-20
   1192.00  3.28E-21
   1193.00  6.39E-21
   1194.00  3.92E-20
   1195.00  1.48E-19
   1196.00  3.24E-19
   1197.00  5.86E-19
   1198.00  1.28E-18
   1199.00  2.99E-18
   1200.00  6.85E-18
   1201.00  5.41E-17
   1202.00  5.63E-16
   1203.00  1.53E-17
   1204.00  2.12E-17
   1205.00  4.80E-18
   1206.00  2.83E-18
   1207.00  1.63E-18
   1208.00  1.02E-18
   1209.00  7.44E-19
   1210.00  5.49E-19
   1211.00  4.07E-19
   1212.00  2.99E-19
   1213.00  1.94E-19
   1214.00  1.35E-19
   1215.00  8.92E-20
   1216.00  4.50E-20
   1217.00  1.85E-20
   1218.00  6.96E-21
   1219.00  8.26E-22
   1220.00  1.29E-21
   1221.00  1.09E-20
   1222.00  2.79E-20
   1223.00  4.93E-20
   1224.00  8.79E-20
   1225.00  1.61E-19
   1226.00  2.69E-19
   1227.00  3.75E-19
   1228.00  5.21E-19
   1229.00  7.26E-19
   1230.00  1.24E-18
   1231.00  1.96E-18
   1232.00  3.00E-18
   1233.00  4.90E-18
   1234.00  8.90E-18
   1235.00  1.97E-17
   1236.00  7.10E-17
   1237.00  1.15E-15
   1238.00  1.89E-16
   1239.00  2.76E-17
   1240.00  4.06E-18
   1241.00  2.91E-17
   1242.00  8.28E-18
   1243.00  5.02E-18
   1244.00  3.48E-18
   1246.00  2.40E-18
   1247.00  1.87E-18
   1248.00  1.50E-18
   1250.00  1.11E-18
   1252.00  8.43E-19
   1254.00  6.04E-19
   1257.00  4.40E-19
   1259.00  3.22E-19
   1263.00  2.16E-19
   1267.00  1.39E-19
   1270.00  9.22E-20
   1273.00  5.56E-20
   1276.00  3.40E-20
   1277.00  2.23E-20
   1279.00  1.28E-20
   1280.00  8.98E-21
   1281.00  5.74E-21
   1282.00  3.17E-21
   1283.00  1.32E-21
   1284.00  2.46E-22
   1285.00  3.16E-23
   1286.00  1.66E-21
   1287.00  5.48E-21
   1288.00  9.71E-21
   1289.00  1.54E-20
   1290.00  2.29E-20
   1291.00  3.24E-20
   1292.00  4.43E-20
   1293.00  5.90E-20
   1294.00  7.71E-20
   1295.00  9.93E-20
   1296.00  1.26E-19
   1297.00  1.60E-19
   1298.00  2.00E-19
   1300.00  2.51E-19
   1301.00  3.13E-19
   1302.00  3.91E-19
   1303.00  4.90E-19
   1304.00  6.15E-19
  0
***
