 1                                                 H       
 Lambda          Hi      
    0.0          4.67E-15
    2.0          1.46E-11
    4.0          1.67E-09
    6.0          4.48E-08
    8.0          4.07E-07
   10.0          1.22E-05
   40.0          7.20E-04
   50.0          1.93E-03
   60.0          1.61E-03
   70.0          1.97E-03
   80.0          3.06E-03
   90.0          2.96E-03
  100.0          2.07E-03
  110.0          1.18E-03
  120.0          8.69E-04
  128.0          1.19E-02
  153.0          6.04E-02
  176.0          2.97E-01
  205.0          1.57E-01
  231.0          1.21E-01
  270.0          9.20E-02
  280.0          1.95E-01
  300.0          9.11E-01
  320.0          1.98E-01
  340.0          6.54E-02
  360.0          4.32E-01
  370.0          2.36E-02
  400.0          4.01E-02
  430.0          2.42E-02
  460.0          4.56E-02
  480.0          9.29E-02
  500.0          1.36E-01
  520.0          5.28E-02
  540.0          7.53E-02
  560.0          1.08E-02
  580.0          2.05E-01
  600.0          1.07E-01
  620.0          4.59E-01
  630.0          9.15E-03
  680.0          4.31E-02
  710.0          1.96E-02
  740.0          5.32E-02
  770.0          1.33E-01
  800.0          6.78E-02
  830.0          1.25E-01
  860.0          9.80E-02
  890.0          5.51E-02
  911.0          0.00E+00
  920.0
 Rate Coeffs. =  5.13E-09
 Av. Excess E =  4.43E+00
