1    1    2           H                   Hi      
0   Wavelength Range  X-Section   Flux      Rate     E Excess   Sum
       0.10      2.00 2.000E-27 1.840E-01 3.680E-28  65078.52 2.395E-23
       2.00      4.00 2.920E-25 5.530E+01 1.615E-23   4635.84 7.488E-20
       4.00      6.00 7.251E-25 4.610E+03 3.343E-21   2569.42 8.664E-18
       6.00      8.00 2.482E-24 5.160E+04 1.281E-19   1794.52 2.385E-16
       8.00     10.00 4.561E-24 3.320E+05 1.514E-18   1381.23 2.330E-15
      10.00     40.00 1.674E-22 4.910E+05 8.219E-17    761.31 6.490E-14
      40.00     50.00 8.046E-22 1.730E+07 1.392E-14    265.37 3.759E-12
      50.00     60.00 1.517E-21 3.060E+07 4.642E-14    213.71 1.368E-11
      60.00     70.00 2.580E-21 1.800E+07 4.644E-14    178.28 2.196E-11
      70.00     80.00 4.036E-21 1.640E+07 6.619E-14    152.45 3.205E-11
      80.00     90.00 5.982E-21 1.980E+07 1.184E-13    132.77 4.778E-11
      90.00    100.00 8.476E-21 1.530E+07 1.297E-13    117.27 6.298E-11
     100.00    110.00 1.156E-20 8.760E+06 1.013E-13    104.75 7.359E-11
     110.00    120.00 1.535E-20 4.180E+06 6.416E-14     94.42 7.965E-11
     120.00    128.00 1.932E-20 2.670E+06 5.158E-14     86.49 8.411E-11
     128.00    153.00 2.865E-20 2.820E+07 8.079E-13     75.35 1.450E-10
     153.00    176.00 4.620E-20 1.080E+08 4.990E-12     62.14 4.551E-10
     176.00    205.00 7.221E-20 4.070E+08 2.939E-11     51.86 1.979E-09
     205.00    231.00 1.080E-19 1.720E+08 1.858E-11     43.48 2.787E-09
     231.00    270.00 1.636E-19 1.050E+08 1.718E-11     36.20 3.409E-09
     270.00    280.00 2.147E-19 6.980E+07 1.499E-11     31.50 3.881E-09
     280.00    300.00 2.516E-19 1.360E+08 3.422E-11     29.21 4.880E-09
     300.00    320.00 3.060E-19 5.780E+08 1.769E-10     26.44 9.556E-09
     320.00    340.00 3.675E-19 1.150E+08 4.226E-11     24.01 1.057E-08
     340.00    360.00 4.365E-19 3.520E+07 1.536E-11     21.85 1.091E-08
     360.00    370.00 4.920E-19 2.210E+08 1.087E-10     20.38 1.312E-08
     370.00    400.00 5.746E-19 1.130E+07 6.493E-12     18.65 1.324E-08
     400.00    430.00 7.129E-19 1.770E+07 1.262E-11     16.32 1.345E-08
     430.00    460.00 8.701E-19 1.000E+07 8.701E-12     14.29 1.357E-08
     460.00    480.00 1.016E-18 1.800E+07 1.829E-11     12.79 1.381E-08
     480.00    500.00 1.143E-18 3.560E+07 4.069E-11     11.72 1.428E-08
     500.00    520.00 1.284E-18 5.060E+07 6.497E-11     10.72 1.498E-08
     520.00    540.00 1.424E-18 1.940E+07 2.763E-11      9.80 1.525E-08
     540.00    560.00 1.581E-18 2.730E+07 4.316E-11      8.95 1.564E-08
     560.00    580.00 1.749E-18 3.900E+06 6.821E-12      8.16 1.569E-08
     580.00    600.00 1.928E-18 7.340E+07 1.415E-10      7.42 1.674E-08
     600.00    620.00 2.117E-18 3.850E+07 8.150E-11      6.73 1.729E-08
     620.00    630.00 2.263E-18 1.670E+08 3.779E-10      6.24 1.965E-08
     630.00    680.00 2.579E-18 3.400E+06 8.769E-12      5.36 1.970E-08
     680.00    710.00 3.030E-18 1.720E+07 5.212E-11      4.25 1.992E-08
     710.00    740.00 3.400E-18 8.430E+06 2.866E-11      3.51 2.002E-08
     740.00    770.00 3.796E-18 2.540E+07 9.642E-11      2.83 2.029E-08
     770.00    800.00 4.216E-18 7.380E+07 3.111E-10      2.20 2.098E-08
     800.00    830.00 4.664E-18 4.610E+07 2.150E-10      1.62 2.133E-08
     830.00    860.00 5.145E-18 1.160E+08 5.968E-10      1.08 2.197E-08
     860.00    890.00 5.643E-18 1.550E+08 8.747E-10      0.58 2.247E-08
     890.00    911.00 6.096E-18 2.700E+08 1.646E-09      0.17 2.276E-08
     911.00    920.00 5.244E-19 1.770E+07 9.282E-12     -0.06 2.276E-08
0                                                Total Rate =  5.133E-09
                                             Average Energy =  4.433
