 1                                                 H       
 Lambda          Hi      
    0.0          2.00E-27
    2.0          2.92E-25
    4.0          7.25E-25
    6.0          2.48E-24
    8.0          4.56E-24
   10.0          1.67E-22
   40.0          8.05E-22
   50.0          1.52E-21
   60.0          2.58E-21
   70.0          4.04E-21
   80.0          5.98E-21
   90.0          8.48E-21
  100.0          1.16E-20
  110.0          1.53E-20
  120.0          1.93E-20
  128.0          2.87E-20
  153.0          4.62E-20
  176.0          7.22E-20
  205.0          1.08E-19
  231.0          1.64E-19
  270.0          2.15E-19
  280.0          2.52E-19
  300.0          3.06E-19
  320.0          3.68E-19
  340.0          4.37E-19
  360.0          4.92E-19
  370.0          5.75E-19
  400.0          7.13E-19
  430.0          8.70E-19
  460.0          1.02E-18
  480.0          1.14E-18
  500.0          1.28E-18
  520.0          1.42E-18
  540.0          1.58E-18
  560.0          1.75E-18
  580.0          1.93E-18
  600.0          2.12E-18
  620.0          2.26E-18
  630.0          2.58E-18
  680.0          3.03E-18
  710.0          3.40E-18
  740.0          3.80E-18
  770.0          4.22E-18
  800.0          4.66E-18
  830.0          5.15E-18
  860.0          5.64E-18
  890.0          6.10E-18
  911.0          5.24E-19
  920.0
