       386      0.00   2798.00 nh3      total
lambda=1.a-350a  molecular cross section = sum of atomic cross sections
lambda=374.1a-1306.a  sun, h. and weissler, g. l. (1955)
   j. chem. phys. 23, 1160
lambda=580.a-1650.a  watanabe, k. and sood, s. p. (1965)
   science of light 14, 36
lambda=1650.a-2170.a  watanabe, k. (1954)
   j. chem. phys. 22, 1564
lambda=2140.a-2330.a  thompson, b. a., harteck, p. and reeves, r. r., jr.
   (1963)
   j. geophys. res. 68, 6431

      1.00  1.00e-21
     10.00  4.20e-20
     30.00  7.20e-19
     31.00  3.60e-20
     50.00  1.10e-19
    100.00  6.10e-19
    150.00  1.40e-18
    200.00  2.50e-18
    250.00  4.00e-18
    300.00  6.00e-18
    350.00  8.00e-18
    374.10  2.00e-17
    374.30  1.70e-17
    387.00  1.82e-17
    503.70  2.90e-17
    511.50  2.40e-17
    538.30  2.80e-17
    539.20  2.80e-17
    539.40  2.60e-17
    539.90  3.10e-17
    555.10  2.70e-17
    560.00  3.20e-17
    580.40  3.32e-17
    581.00  3.46e-17
    582.20  3.49e-17
    600.00  3.87e-17
    625.00  4.41e-17
    650.00  4.65e-17
    675.00  4.80e-17
    690.00  5.00e-17
    700.00  5.09e-17
    725.00  4.87e-17
    750.00  4.45e-17
    775.00  3.90e-17
    800.00  3.22e-17
    825.00  3.03e-17
    850.00  2.72e-17
    875.00  2.39e-17
    900.00  2.06e-17
    925.00  1.69e-17
    940.00  1.57e-17
    950.00  1.56e-17
    960.00  1.68e-17
    975.00  1.93e-17
    985.00  2.15e-17
   1000.00  2.32e-17
   1005.00  2.41e-17
   1010.00  2.53e-17
   1014.00  2.46e-17
   1020.00  2.46e-17
   1027.00  2.46e-17
   1030.00  2.42e-17
   1033.00  2.45e-17
   1038.00  2.40e-17
   1040.00  2.52e-17
   1044.00  2.61e-17
   1050.00  2.46e-17
   1056.00  2.33e-17
   1060.00  2.49e-17
   1065.00  2.57e-17
   1070.00  2.58e-17
   1073.00  2.55e-17
   1077.00  2.36e-17
   1080.00  2.28e-17
   1084.00  2.29e-17
   1090.00  2.25e-17
   1093.00  2.28e-17
   1099.00  2.36e-17
   1105.00  2.26e-17
   1108.00  2.41e-17
   1111.00  2.33e-17
   1115.00  2.37e-17
   1120.00  2.16e-17
   1122.00  2.33e-17
   1125.00  2.03e-17
   1127.00  2.10e-17
   1130.00  1.92e-17
   1136.00  2.08e-17
   1140.00  1.84e-17
   1142.00  1.68e-17
   1145.00  1.71e-17
   1150.00  1.90e-17
   1152.00  2.06e-17
   1155.00  1.55e-17
   1157.00  1.46e-17
   1159.00  1.51e-17
   1160.00  1.33e-17
   1165.00  2.20e-17
   1170.00  1.21e-17
   1173.00  1.75e-17
   1176.00  1.36e-17
   1178.00  2.72e-17
   1180.00  2.25e-17
   1185.00  1.15e-17
   1187.00  1.86e-17
   1189.00  1.33e-17
   1190.50  1.30e-17
   1191.50  2.03e-17
   1192.50  2.78e-17
   1193.00  1.57e-17
   1194.00  2.25e-17
   1195.00  1.78e-17
   1196.00  1.82e-17
   1198.00  1.44e-17
   1200.00  9.10e-18
   1202.00  1.88e-17
   1203.50  8.60e-18
   1204.00  1.22e-17
   1205.00  1.22e-17
   1207.50  2.33e-17
   1208.50  1.59e-17
   1210.00  1.39e-17
   1210.50  1.94e-17
   1214.00  7.20e-18
   1215.00  7.20e-18
   1217.00  9.40e-18
   1218.00  2.20e-17
   1219.00  1.03e-17
   1219.99  9.50e-18
   1220.00  9.50e-18
   1221.50  2.19e-17
   1225.00  1.20e-17
   1226.50  1.49e-17
   1229.00  4.50e-18
   1230.00  4.70e-18
   1230.50  6.50e-18
   1231.50  6.30e-18
   1233.50  2.16e-17
   1237.00  8.60e-18
   1238.50  2.87e-17
   1240.00  1.30e-17
   1242.00  1.20e-17
   1244.00  3.20e-18
   1247.00  4.50e-18
   1249.50  2.72e-17
   1252.50  6.30e-18
   1254.00  2.57e-17
   1256.00  1.45e-17
   1260.00  2.20e-18
   1262.00  5.21e-18
   1265.00  2.23e-17
   1268.00  9.50e-18
   1270.00  1.30e-17
   1270.50  2.79e-17
   1271.50  2.75e-17
   1275.00  3.50e-18
   1277.50  3.00e-18
   1280.00  5.20e-18
   1281.00  2.23e-17
   1282.00  1.34e-17
   1283.00  1.23e-17
   1284.00  1.94e-17
   1286.00  9.70e-18
   1287.00  1.53e-17
   1288.00  1.08e-17
   1289.50  3.13e-17
   1294.00  3.70e-18
   1295.00  3.40e-18
   1296.00  5.60e-18
   1297.00  3.60e-18
   1298.00  1.39e-17
   1299.00  8.40e-18
   1300.00  1.60e-17
   1301.00  1.02e-17
   1303.00  1.67e-17
   1305.00  1.04e-17
   1306.00  9.30e-18
   1307.50  3.78e-17
   1310.00  7.10e-18
   1312.00  3.60e-18
   1314.00  7.60e-18
   1314.50  4.80e-18
   1315.00  9.70e-18
   1315.50  5.40e-18
   1316.50  8.40e-18
   1319.50  1.38e-17
   1320.00  1.17e-17
   1320.50  1.30e-17
   1322.50  7.40e-18
   1324.50  5.02e-17
   1328.00  5.20e-18
   1330.00  6.00e-18
   1332.50  2.90e-18
   1335.00  1.27e-17
   1337.50  1.67e-17
   1340.00  8.30e-18
   1341.00  8.10e-18
   1342.50  6.70e-17
   1345.00  1.49e-17
   1346.00  7.40e-18
   1349.00  3.30e-18
   1351.00  4.80e-17
   1354.00  1.34e-17
   1356.00  1.49e-17
   1358.50  6.70e-18
   1359.50  6.70e-18
   1360.50  4.47e-17
   1361.50  4.65e-17
   1363.00  8.70e-18
   1364.00  8.40e-18
   1366.50  3.30e-18
   1368.50  3.30e-18
   1370.00  6.00e-18
   1372.00  6.00e-18
   1372.50  1.08e-17
   1373.50  1.12e-17
   1374.00  1.41e-17
   1377.00  5.20e-18
   1379.00  5.21e-17
   1380.00  2.42e-17
   1384.00  4.80e-18
   1385.00  4.50e-18
   1386.00  2.80e-18
   1389.00  3.20e-18
   1393.00  9.70e-18
   1396.00  3.30e-18
   1397.50  4.47e-17
   1398.50  1.30e-17
   1400.00  9.30e-18
   1401.00  5.20e-18
   1403.00  4.80e-18
   1407.00  2.20e-18
   1410.50  6.00e-18
   1412.00  3.70e-18
   1414.00  2.20e-18
   1415.50  1.86e-17
   1416.50  3.31e-18
   1417.50  2.70e-18
   1420.00  4.10e-18
   1421.00  2.60e-18
   1424.00  1.70e-18
   1425.00  4.10e-18
   1427.00  1.61e-18
   1428.00  2.60e-18
   1431.00  1.50e-18
   1433.00  3.71e-18
   1434.00  4.10e-18
   1437.00  1.50e-18
   1438.00  2.50e-18
   1440.00  1.90e-18
   1441.00  1.50e-18
   1444.00  1.00e-18
   1445.00  3.00e-18
   1446.50  3.70e-18
   1448.50  1.90e-18
   1450.00  1.00e-18
   1453.00  1.30e-18
   1455.00  6.00e-19
   1457.00  1.20e-18
   1463.50  1.20e-18
   1466.00  5.00e-19
   1467.00  6.00e-18
   1468.00  1.90e-18
   1470.00  4.80e-18
   1471.00  1.70e-18
   1472.00  1.70e-18
   1473.50  7.00e-19
   1474.00  1.00e-18
   1475.00  4.00e-19
   1478.00  4.00e-19
   1480.00  1.00e-18
   1482.00  7.00e-19
   1484.00  1.00e-18
   1485.00  7.01e-19
   1486.00  4.00e-19
   1488.00  2.01e-19
   1490.00  4.00e-19
   1491.00  5.50e-18
   1492.00  3.00e-18
   1493.00  4.10e-18
   1496.00  3.50e-19
   1497.00  8.20e-19
   1498.00  3.00e-19
   1500.00  2.80e-19
   1501.00  6.30e-19
   1502.00  1.10e-18
   1504.00  7.40e-19
   1505.00  5.60e-19
   1510.00  1.80e-19
   1513.00  2.20e-19
   1514.00  1.04e-17
   1515.00  6.70e-18
   1516.00  7.41e-18
   1520.00  2.20e-19
   1523.00  8.90e-18
   1524.00  4.10e-18
   1525.00  8.40e-18
   1526.00  3.71e-19
   1528.00  5.20e-19
   1529.00  4.50e-19
   1530.00  4.50e-19
   1534.00  1.91e-19
   1535.00  1.10e-19
   1538.00  7.44e-18
   1539.00  4.84e-18
   1540.00  1.16e-17
   1541.00  2.98e-18
   1543.50  6.30e-19
   1544.00  3.35e-18
   1545.00  3.30e-19
   1546.00  1.49e-18
   1548.00  3.70e-19
   1553.00  3.70e-19
   1558.00  1.10e-19
   1560.00  3.70e-19
   1561.00  1.90e-18
   1562.00  1.00e-17
   1563.00  4.10e-18
   1564.00  6.33e-18
   1565.50  2.98e-18
   1566.00  4.47e-18
   1567.00  7.41e-19
   1567.00  8.20e-19
   1571.00  1.90e-19
   1572.00  3.30e-19
   1573.00  1.90e-19
   1574.00  3.00e-19
   1578.00  2.20e-19
   1580.00  1.30e-19
   1585.00  2.20e-19
   1587.00  6.70e-18
   1588.00  3.72e-18
   1590.00  3.35e-18
   1591.00  1.49e-18
   1595.00  2.60e-19
   1600.00  2.05e-19
   1610.00  3.16e-19
   1611.00  1.75e-18
   1612.00  2.00e-18
   1613.00  3.10e-18
   1614.00  2.08e-18
   1615.00  7.10e-19
   1616.00  7.10e-19
   1620.00  2.70e-19
   1627.00  3.35e-19
   1631.00  4.50e-19
   1636.00  6.30e-19
   1638.00  1.86e-18
   1639.00  9.30e-19
   1640.00  1.45e-18
   1648.00  3.72e-19
   1660.00  1.35e-18
   1670.00  6.60e-19
   1685.00  1.60e-18
   1700.00  9.50e-19
   1715.00  2.80e-18
   1730.00  1.35e-18
   1750.00  4.30e-18
   1765.00  1.80e-18
   1780.00  6.70e-18
   1795.00  2.60e-18
   1810.00  9.80e-18
   1825.00  3.20e-18
   1840.00  1.30e-17
   1855.00  4.00e-18
   1870.00  1.60e-17
   1885.00  4.00e-18
   1905.00  1.60e-17
   1920.00  3.50e-18
   1940.00  2.00e-17
   1955.00  3.00e-18
   1975.00  1.80e-17
   1995.00  1.80e-18
   2015.00  1.60e-17
   2035.00  1.20e-18
   2050.00  1.05e-17
   2070.00  5.70e-19
   2085.00  6.30e-18
   2090.00  6.30e-18
   2105.00  1.50e-19
   2115.00  8.40e-19
   2125.00  8.40e-19
   2145.00  7.00e-20
   2165.00  5.70e-19
   2170.00  7.30e-19
   2190.00  1.20e-20
   2205.00  1.20e-19
   2210.00  1.30e-19
   2230.00  2.00e-21
   2240.00  1.00e-20
   2245.00  1.20e-20
   2260.00  2.10e-21
   2275.00  1.70e-22
   2310.00  3.70e-23
   2330.00  3.70e-24
   2798.00  1.86e-24
  7
       160      0.00   2798.00 nh3      nh2dh    40 26
 branching ratios:
 lambda=1849.a  Mcnesby, j. r., tanaka, i. and okabe, j. (1962)
    j. chem. phys. 36, 605.
 lambda=2062.a  schurath, u., tiedemann, p. and schindler, r. n. (1969)
    j. phys. chem. 73, 456.

      0.00  0.00e 00
   1050.00  0.00e 00
   1056.00  1.30e-02
   1060.00  2.00e-02
   1065.00  2.70e-02
   1070.00  3.30e-02
   1077.00  3.90e-02
   1080.00  4.50e-02
   1084.00  5.10e-02
   1090.00  5.50e-02
   1099.00  6.10e-02
   1105.00  6.80e-02
   1108.00  7.00e-02
   1111.00  7.60e-02
   1115.00  8.10e-02
   1120.00  8.30e-02
   1122.00  8.90e-02
   1125.00  9.20e-02
   1127.00  1.02e-01
   1130.00  1.00e-01
   1136.00  1.13e-01
   1140.00  1.15e-01
   1142.00  1.18e-01
   1145.00  1.28e-01
   1150.00  1.45e-01
   1152.00  1.56e-01
   1155.00  1.51e-01
   1157.00  1.58e-01
   1159.00  1.67e-01
   1160.00  1.64e-01
   1165.00  1.94e-01
   1170.00  1.77e-01
   1173.00  2.00e-01
   1176.00  1.82e-01
   1178.00  2.25e-01
   1180.00  2.28e-01
   1185.00  2.17e-01
   1187.00  2.40e-01
   1189.00  2.24e-01
   1190.50  2.35e-01
   1191.50  2.53e-01
   1192.50  2.63e-01
   1193.00  2.54e-01
   1194.00  2.66e-01
   1195.00  2.65e-01
   1196.00  2.69e-01
   1198.00  2.67e-01
   1200.00  2.57e-01
   1202.00  2.85e-01
   1203.50  2.67e-01
   1204.00  2.84e-01
   1205.00  2.91e-01
   1207.50  3.11e-01
   1208.50  3.10e-01
   1210.00  3.13e-01
   1210.50  3.26e-01
   1214.00  3.11e-01
   1215.00  3.21e-01
   1217.00  3.34e-01
   1218.00  3.53e-01
   1219.00  3.54e-01
   1219.99  3.62e-01
   1220.00  3.70e-01
   1221.50  3.75e-01
   1225.00  3.80e-01
   1226.50  3.85e-01
   1229.00  3.90e-01
   1230.00  3.95e-01
   1230.50  4.00e-01
   1237.00  4.00e-01
   1470.00  8.70e-01
   1471.00  8.70e-01
   1472.00  8.70e-01
   1473.50  8.70e-01
   1474.00  8.71e-01
   1475.00  8.71e-01
   1478.00  8.71e-01
   1480.00  8.71e-01
   1482.00  8.72e-01
   1484.00  8.72e-01
   1485.00  8.72e-01
   1486.00  8.72e-01
   1488.00  8.73e-01
   1490.00  8.73e-01
   1491.00  8.73e-01
   1492.00  8.73e-01
   1493.00  8.73e-01
   1496.00  8.74e-01
   1497.00  8.74e-01
   1498.00  8.74e-01
   1500.00  8.75e-01
   1501.00  8.75e-01
   1502.00  8.75e-01
   1504.00  8.75e-01
   1505.00  8.75e-01
   1510.00  8.77e-01
   1513.00  8.77e-01
   1514.00  8.77e-01
   1515.00  8.77e-01
   1516.00  8.78e-01
   1520.00  8.78e-01
   1523.00  8.79e-01
   1524.00  8.80e-01
   1525.00  8.80e-01
   1526.00  8.80e-01
   1528.00  8.80e-01
   1529.00  8.80e-01
   1530.00  8.81e-01
   1534.00  8.82e-01
   1535.00  8.82e-01
   1538.00  8.83e-01
   1539.00  8.83e-01
   1540.00  8.83e-01
   1541.00  8.83e-01
   1543.50  8.84e-01
   1544.00  8.84e-01
   1545.00  8.84e-01
   1546.00  8.85e-01
   1548.00  8.85e-01
   1553.00  8.86e-01
   1558.00  8.87e-01
   1560.00  8.88e-01
   1561.00  8.89e-01
   1562.00  8.89e-01
   1563.00  8.89e-01
   1564.00  8.89e-01
   1565.50  8.90e-01
   1566.00  8.90e-01
   1567.00  8.90e-01
   1567.00  8.90e-01
   1571.00  8.91e-01
   1572.00  8.91e-01
   1573.00  8.91e-01
   1574.00  8.92e-01
   1578.00  8.93e-01
   1580.00  8.94e-01
   1585.00  8.95e-01
   1587.00  8.96e-01
   1588.00  8.96e-01
   1590.00  8.96e-01
   1591.00  8.97e-01
   1595.00  8.98e-01
   1600.00  8.99e-01
   1610.00  9.03e-01
   1611.00  9.03e-01
   1612.00  9.04e-01
   1613.00  9.04e-01
   1614.00  9.04e-01
   1615.00  9.04e-01
   1616.00  9.05e-01
   1620.00  9.06e-01
   1627.00  9.08e-01
   1631.00  9.10e-01
   1636.00  9.11e-01
   1638.00  9.13e-01
   1640.00  9.13e-01
   1849.00  9.60e-01
   2062.00  9.95e-01
   2240.00  1.00e 00
   2798.00  1.00e 00
       187      0.00   2240.00 nh3      snhdh2   41 26
 snh means (a singlet delta) nh
 branching ratios:
 lambda=1849.a  mcnesby, j. r., tanaka, i. and okabe, j. (1962)
   j. phys. chem. 36, 605.
 lambda=2062.a  schurath, u., tiedemann, p., and schindler, r. n. (1969)
   j. phys. chem. 73, 456.

      0.00  0.00e 00
    675.00  0.00e 00
    690.00  5.80e-04
    700.00  2.20e-03
    725.00  1.60e-02
    750.00  3.30e-02
    775.00  6.24e-02
    800.00  9.30e-02
    825.00  9.70e-02
    850.00  9.20e-02
    875.00  8.50e-02
    900.00  7.70e-02
    925.00  6.80e-02
    940.00  6.60e-02
    950.00  6.00e-02
    960.00  6.10e-02
    975.00  6.70e-02
    985.00  7.10e-02
   1000.00  7.80e-02
   1005.00  7.90e-02
   1010.00  8.00e-02
   1020.00  7.90e-02
   1027.00  8.00e-02
   1030.00  8.10e-02
   1033.00  8.10e-02
   1038.00  8.20e-02
   1040.00  8.20e-02
   1044.00  8.20e-02
   1050.00  2.11e-01
   1056.00  2.02e-01
   1060.00  2.01e-01
   1065.00  2.00e-01
   1070.00  1.99e-01
   1077.00  1.99e-01
   1080.00  1.82e-01
   1084.00  1.80e-01
   1090.00  1.72e-01
   1099.00  1.68e-01
   1105.00  1.69e-01
   1108.00  1.73e-01
   1111.00  1.70e-01
   1115.00  1.67e-01
   1120.00  1.61e-01
   1122.00  1.67e-01
   1125.00  1.59e-01
   1127.00  1.70e-01
   1130.00  1.62e-01
   1136.00  1.69e-01
   1140.00  1.72e-01
   1142.00  1.66e-01
   1145.00  1.70e-01
   1150.00  1.82e-01
   1152.00  2.13e-01
   1155.00  1.76e-01
   1157.00  1.74e-01
   1159.00  1.79e-01
   1160.00  1.71e-01
   1165.00  1.97e-01
   1170.00  1.74e-01
   1173.00  1.91e-01
   1176.00  1.70e-01
   1178.00  2.05e-01
   1180.00  2.01e-01
   1185.00  1.93e-01
   1187.00  2.03e-01
   1189.00  1.93e-01
   1190.50  1.92e-01
   1191.50  2.03e-01
   1192.50  2.07e-01
   1193.00  1.96e-01
   1194.00  2.10e-01
   1195.00  1.97e-01
   1196.00  1.98e-01
   1198.00  1.92e-01
   1200.00  1.81e-01
   1202.00  1.97e-01
   1203.50  1.81e-01
   1204.00  1.89e-01
   1205.00  1.89e-01
   1207.50  1.96e-01
   1208.50  1.90e-01
   1210.00  1.91e-01
   1210.50  1.92e-01
   1214.00  1.79e-01
   1215.00  1.82e-01
   1217.00  1.86e-01
   1218.00  1.92e-01
   1219.00  1.89e-01
   1219.99  1.91e-01
   1220.00  1.90e-01
   1221.50  1.90e-01
   1225.00  1.90e-01
   1226.50  1.90e-01
   1229.00  1.90e-01
   1230.00  1.90e-01
   1230.50  1.90e-01
   1237.00  1.90e-01
   1470.00  3.20e-02
   1471.00  1.30e-01
   1472.00  1.30e-01
   1473.50  1.30e-01
   1474.00  1.29e-01
   1475.00  1.29e-01
   1478.00  1.29e-01
   1480.00  1.29e-01
   1482.00  1.28e-01
   1484.00  1.28e-01
   1485.00  1.28e-01
   1486.00  1.28e-01
   1488.00  1.27e-01
   1490.00  1.27e-01
   1491.00  1.27e-01
   1492.00  1.27e-01
   1493.00  1.27e-01
   1496.00  1.26e-01
   1497.00  1.26e-01
   1498.00  1.26e-01
   1500.00  1.25e-01
   1501.00  1.25e-01
   1502.00  1.25e-01
   1504.00  1.25e-01
   1505.00  1.25e-01
   1510.00  1.23e-01
   1513.00  1.23e-01
   1514.00  1.23e-01
   1515.00  1.23e-01
   1516.00  1.22e-01
   1520.00  1.22e-01
   1523.00  1.21e-01
   1524.00  1.20e-01
   1525.00  1.20e-01
   1526.00  1.20e-01
   1528.00  1.20e-01
   1529.00  1.20e-01
   1530.00  1.19e-01
   1534.00  1.18e-01
   1535.00  1.18e-01
   1538.00  1.17e-01
   1539.00  1.17e-01
   1540.00  1.17e-01
   1541.00  1.17e-01
   1543.50  1.16e-01
   1544.00  1.16e-01
   1545.00  1.16e-01
   1546.00  1.15e-01
   1548.00  1.15e-01
   1553.00  1.14e-01
   1558.00  1.13e-01
   1560.00  1.12e-01
   1561.00  1.11e-01
   1562.00  1.11e-01
   1563.00  1.11e-01
   1564.00  1.11e-01
   1565.50  1.10e-01
   1566.00  1.10e-01
   1567.00  1.10e-01
   1567.00  1.10e-01
   1571.00  1.09e-01
   1572.00  1.09e-01
   1573.00  1.09e-01
   1574.00  1.08e-01
   1578.00  1.07e-01
   1580.00  1.06e-01
   1585.00  1.05e-01
   1587.00  1.04e-01
   1588.00  1.04e-01
   1590.00  1.04e-01
   1591.00  1.03e-01
   1595.00  1.02e-01
   1600.00  1.01e-01
   1610.00  9.70e-02
   1611.00  9.70e-02
   1612.00  9.60e-02
   1613.00  9.60e-02
   1614.00  9.60e-02
   1615.00  9.60e-02
   1616.00  9.50e-02
   1620.00  9.40e-02
   1627.00  9.20e-02
   1631.00  9.00e-02
   1636.00  8.90e-02
   1638.00  8.70e-02
   1640.00  8.70e-02
   1849.00  4.00e-02
   2062.00  5.00e-03
   2240.00  0.00e 00
   2798.00  0.00e 00
       100      0.00   1470.00 nh3      nhdhdh   42 26

      0.00  0.00e 00
    675.00  0.00e 00
    690.00  1.42e-03
    700.00  5.80e-03
    725.00  4.60e-02
    750.00  1.08e-01
    775.00  2.25e-01
    800.00  3.70e-01
    825.00  4.25e-01
    850.00  4.41e-01
    875.00  4.39e-01
    900.00  4.28e-01
    925.00  4.05e-01
    940.00  3.99e-01
    950.00  3.70e-01
    960.00  3.85e-01
    975.00  4.34e-01
    985.00  4.64e-01
   1000.00  5.17e-01
   1005.00  5.35e-01
   1010.00  5.37e-01
   1020.00  5.42e-01
   1027.00  5.54e-01
   1030.00  5.59e-01
   1033.00  5.61e-01
   1038.00  5.63e-01
   1040.00  5.64e-01
   1044.00  5.69e-01
   1050.00  4.48e-01
   1056.00  4.46e-01
   1060.00  4.50e-01
   1065.00  4.39e-01
   1070.00  4.35e-01
   1077.00  4.15e-01
   1080.00  4.09e-01
   1084.00  4.05e-01
   1090.00  3.87e-01
   1099.00  3.85e-01
   1105.00  3.83e-01
   1108.00  3.96e-01
   1111.00  3.88e-01
   1115.00  3.80e-01
   1120.00  3.68e-01
   1122.00  3.81e-01
   1125.00  3.62e-01
   1127.00  3.86e-01
   1130.00  3.68e-01
   1136.00  3.82e-01
   1140.00  3.92e-01
   1142.00  3.71e-01
   1145.00  3.75e-01
   1150.00  4.00e-01
   1152.00  3.91e-01
   1155.00  3.93e-01
   1157.00  3.86e-01
   1159.00  3.95e-01
   1160.00  3.79e-01
   1165.00  4.36e-01
   1170.00  3.85e-01
   1173.00  4.26e-01
   1176.00  4.12e-01
   1178.00  4.52e-01
   1180.00  4.47e-01
   1185.00  4.16e-01
   1187.00  4.55e-01
   1189.00  4.45e-01
   1190.50  4.34e-01
   1191.50  4.59e-01
   1192.50  4.69e-01
   1193.00  4.47e-01
   1194.00  4.51e-01
   1195.00  4.53e-01
   1196.00  4.52e-01
   1198.00  4.41e-01
   1200.00  4.18e-01
   1202.00  4.51e-01
   1203.50  4.12e-01
   1204.00  4.29e-01
   1205.00  4.29e-01
   1207.50  4.49e-01
   1208.50  4.38e-01
   1210.00  4.29e-01
   1210.50  4.40e-01
   1214.00  4.12e-01
   1215.00  4.14e-01
   1217.00  4.26e-01
   1218.00  4.36e-01
   1219.00  4.28e-01
   1219.99  4.26e-01
   1220.00  4.40e-01
   1221.50  4.35e-01
   1225.00  4.30e-01
   1226.50  4.25e-01
   1229.00  4.20e-01
   1230.00  4.15e-01
   1230.50  4.10e-01
   1237.00  4.10e-01
   1470.00  9.80e-02
   1471.00  0.00e 00
   2798.00  0.00e 00
       105      0.00   1220.00 nh3      nh3i     30  2
lambda=304.a-785.a  kronebusch, p. l. and berkowitz, j. (1976)
   int. j. mass spectry. and ion phys. 22,283(1976)

      0.00  2.00e-01
    304.00  4.54e-01
    379.00  4.58e-01
    387.00  4.59e-01
    405.00  4.58e-01
    446.00  4.50e-01
    460.00  4.38e-01
    490.00  4.22e-01
    537.00  4.04e-01
    539.90  4.03e-01
    555.10  4.01e-01
    560.00  4.00e-01
    584.00  3.96e-01
    590.00  3.95e-01
    675.00  3.94e-01
    690.00  3.98e-01
    700.00  4.20e-01
    725.00  4.54e-01
    750.00  5.75e-01
    775.00  6.45e-01
    785.00  6.42e-01
    800.00  5.37e-01
    825.00  4.78e-01
    850.00  4.67e-01
    875.00  4.76e-01
    900.00  4.95e-01
    925.00  5.27e-01
    940.00  5.35e-01
    950.00  5.70e-01
    960.00  5.54e-01
    975.00  4.99e-01
    985.00  4.65e-01
   1000.00  4.05e-01
   1005.00  3.86e-01
   1010.00  3.83e-01
   1020.00  3.79e-01
   1027.00  3.66e-01
   1030.00  3.60e-01
   1033.00  3.58e-01
   1038.00  3.55e-01
   1040.00  3.54e-01
   1044.00  3.49e-01
   1050.00  3.41e-01
   1056.00  3.39e-01
   1060.00  3.29e-01
   1065.00  3.34e-01
   1070.00  3.33e-01
   1077.00  3.47e-01
   1080.00  3.64e-01
   1084.00  3.64e-01
   1090.00  3.86e-01
   1099.00  3.86e-01
   1105.00  3.80e-01
   1108.00  3.61e-01
   1111.00  3.66e-01
   1115.00  3.72e-01
   1120.00  3.88e-01
   1122.00  3.63e-01
   1125.00  3.87e-01
   1127.00  3.42e-01
   1130.00  3.70e-01
   1136.00  3.36e-01
   1140.00  3.21e-01
   1142.00  3.45e-01
   1145.00  3.27e-01
   1150.00  2.73e-01
   1152.00  2.40e-01
   1155.00  2.80e-01
   1157.00  2.82e-01
   1159.00  2.59e-01
   1160.00  2.86e-01
   1165.00  1.73e-01
   1170.00  2.64e-01
   1173.00  1.83e-01
   1176.00  2.36e-01
   1178.00  1.18e-01
   1180.00  1.24e-01
   1185.00  1.74e-01
   1187.00  1.02e-01
   1189.00  1.38e-01
   1190.50  1.39e-01
   1191.50  0.85e-01
   1192.50  0.61e-01
   1193.00  1.03e-01
   1194.00  0.73e-01
   1195.00  0.85e-01
   1196.00  0.81e-01
   1198.00  1.00e-01
   1200.00  1.44e-01
   1202.00  0.67e-01
   1203.50  1.40e-01
   1204.00  0.98e-01
   1205.00  0.91e-01
   1207.50  0.44e-01
   1208.50  0.62e-01
   1210.00  0.67e-01
   1210.50  0.42e-01
   1214.00  0.98e-01
   1215.00  0.83e-01
   1217.00  0.54e-01
   1218.00  0.19e-01
   1219.00  0.29e-01
   1219.99  0.21e-01
   1220.00  0.00e 00
   2798.00  0.00e 00
        22      0.00    786.20 nh3      nh2ih    34 40
lambda=304.a-786.2a  kronebusch, p. l. and berkowitz, j. (1976)
   int. j. mass spectry. ion phys. 22, 283

      0.00  2.00e-01
    304.0   4.66e-01
    379.0   4.97e-01
    387.00  5.00e-01
    405.0   5.02e-01
    446.0   5.18e-01
    460.0   5.31e-01
    490.0   5.52e-01
    537.0   5.76e-01
    539.9   5.78e-01
    555.1   5.86e-01
    560.00  5.90e-01
    584.0   6.02e-01
    590.0   6.03e-01
    675.0   6.04e-01
    690.00  5.99e-01
    700.0   5.71e-01
    725.0   4.83e-01
    750.0   2.83e-01
    775.0   6.76e-02
    786.2   0.00e 00
   2798.00  0.00e 00
        18      0.00    775.00 nh3      nhih2    35 40
lambda=304.a-775.a  kronebusch, p. l. and berkowitz, j. (1976)
   int. j. mass spectry. ion phys. 22, 283

      0.00  2.00e-01
    304.0   3.70e-02
    379.0   3.40e-02
    387.00  3.40e-02
    405.0   3.30e-02
    446.0   3.10e-02
    460.0   3.00e-02
    490.0   2.50e-02
    537.0   1.90e-02
    539.9   1.80e-02
    555.1   1.20e-02
    560.00  1.00e-02
    584.0   2.00e-03
    675.00  2.00e-03
    690.00  1.00e-03
    750.00  1.00e-03
    775.0   0.00e 00
   2798.00  0.00e 00
         9      0.00    560.00 nh3      nih2dh   36 40
lambda=304.a-785.a  kronebusch, p. l. and berkowitz, j. (1976)
   int. j. mass spectry. ion phys. 22, 283

      0.00  2.00e-01
    304.0   1.95e-02
    379.0   6.80e-03
    387.00  7.00e-03
    405.00  7.00e-03
    446.00  1.00e-03
    555.10  1.00e-03
    560.00  0.00e 00
   2798.00  0.00e 00
         0      0.00    387.00 nh3      hinh2    37 40
***
       204      0.00   2306.00 c2h2     total
lambda=600.a-1000.a  p.h. metzger and g.r. cook, j. chem. phys.
   41,642(1964)
lambda=1050.a-2011.a  t. nakayama and k. watanabe, j. chem. phys.
   40,588(1964)
lambda=2306.a  threshold for h + c2h
   h. okabe, j. chem. phys. 62,2782(1975)
lambda=1253.a  threshold for ch + ch
   h. okabe, j. chem. phys. 62,2782(1975)
lambda=1087.a  threshold for c2h2+
   k. watanabe, t. nakayama, and j. mottl, j. quant. spectrosc.
   radiat. transfer 2,369(1962)
lambda=696.5a  threshold for h + c2h+
   p.h. metzger and g.r. cook, j. chem. phys. 41,642(1964)

      1.00  4.00e-23
      5.00  6.00e-21
     10.00  4.60e-20
     15.00  1.48e-19
     20.00  3.40e-19
     25.00  6.00e-19
     30.00  9.60e-19
     35.00  1.44e-18
     41.00  2.00e-18
     43.00  8.70e-20
     50.00  1.35e-19
     60.00  2.00e-19
     70.00  2.80e-19
     80.00  4.00e-19
     90.00  5.00e-19
    100.00  6.60e-19
    120.00  9.00e-19
    150.00  1.50e-18
    200.00  2.49e-18
    250.00  4.00e-18
    300.00  5.40e-18
    400.00  9.24e-18
    500.00  1.88e-17
    600.00  2.40e-17
    620.0   2.70e-17
    640.0   2.90e-17
    660.0   3.10e-17
    680.0   3.20e-17
    697.00  3.24e-17
    700.0   3.25e-17
    720.0   3.35e-17
    740.0   3.70e-17
    760.0   4.45e-17
    780.0   4.85e-17
    800.0   4.85e-17
    820.0   4.65e-17
    840.0   3.60e-17
    860.0   3.20e-17
    880.0   3.25e-17
    900.0   3.60e-17
    920.0   3.90e-17
    940.0   3.70e-17
    960.0   3.25e-17
    980.0   3.00e-17
   1000.0   2.80e-17
   1050.0   2.29e-17
   1060.0   2.38e-17
   1075.0   2.52e-17
   1085.0   2.24e-17
   1086.00  2.88e-17
   1087.0   3.51e-17
   1091.0   2.17e-17
   1094.0   2.76e-17
   1100.0   2.04e-17
   1101.0   1.66e-17
   1102.0   4.27e-17
   1106.0   2.92e-17
   1111.0   2.15e-17
   1114.0   1.06e-17
   1116.0   1.86e-17
   1120.0   5.08e-17
   1122.0   7.96e-18
   1126.0   4.37e-17
   1129.0   1.18e-17
   1132.0   9.24e-17
   1136.0   5.77e-18
   1142.0   3.55e-17
   1145.0   4.52e-18
   1149.0   1.78e-17
   1152.0   1.50e-17
   1156.0   1.06e-16
   1159.0   1.14e-17
   1162.0   8.82e-18
   1165.0   3.03e-18
   1167.0   1.10e-17
   1169.0   9.34e-18
   1171.0   7.34e-17
   1174.0   1.76e-17
   1177.0   1.58e-17
   1179.0   1.10e-16
   1184.0   4.97e-18
   1192.0   2.46e-17
   1198.0   9.45e-18
   1204.0   1.82e-16
   1211.0   3.13e-18
   1216.0   6.18e-17
   1219.0   1.70e-17
   1221.0   5.44e-17
   1224.0   4.75e-18
   1231.0   9.25e-18
   1236.0   4.28e-18
   1244.0   1.28e-16
   1247.0   3.20e-17
   1249.0   1.62e-16
   1252.0   1.43e-17
   1256.0   3.10e-17
   1258.0   1.80e-17
   1263.0   1.74e-17
   1266.0   1.26e-17
   1270.0   2.64e-17
   1276.0   2.99e-17
   1284.0   8.72e-17
   1287.0   3.20e-17
   1289.0   5.14e-17
   1294.0   3.13e-17
   1298.0   4.79e-17
   1301.0   3.85e-17
   1308.0   2.92e-16
   1310.0   1.43e-16
   1318.0   3.17e-17
   1320.0   9.24e-17
   1324.0   6.39e-17
   1328.0   3.81e-17
   1330.0   7.43e-17
   1333.0   4.32e-17
   1338.0   3.90e-16
   1340.0   1.20e-16
   1348.0   1.34e-17
   1352.0   4.13e-17
   1359.0   6.14e-18
   1362.0   2.09e-17
   1366.0   5.69e-18
   1374.0   3.98e-18
   1378.0   4.28e-18
   1388.0   2.82e-18
   1397.0   2.82e-18
   1402.0   6.48e-18
   1409.0   2.73e-18
   1428.0   3.32e-18
   1438.0   2.02e-17
   1444.0   7.02e-18
   1461.0   5.90e-18
   1478.0   6.11e-17
   1488.0   1.41e-17
   1504.0   9.68e-18
   1520.0   4.22e-16
   1529.0   3.51e-18
   1550.0   5.38e-19
   1551.0   5.58e-19
   1563.0   4.95e-19
   1576.0   6.18e-19
   1582.0   5.32e-19
   1591.0   7.14e-19
   1598.0   5.62e-19
   1608.0   8.56e-19
   1616.0   7.26e-19
   1630.0   9.97e-19
   1638.0   7.52e-19
   1650.0   1.17e-18
   1657.0   8.97e-19
   1668.0   1.47e-18
   1678.0   9.38e-19
   1686.0   1.76e-18
   1694.0   9.01e-19
   1700.0   9.79e-19
   1707.0   1.72e-18
   1714.0   1.18e-18
   1720.0   8.86e-19
   1728.0   1.68e-18
   1741.0   8.23e-19
   1749.0   1.42e-18
   1755.0   1.64e-18
   1765.0   8.00e-19
   1771.0   1.21e-18
   1776.0   1.48e-18
   1785.0   7.03e-19
   1789.0   7.85e-19
   1793.0   7.11e-19
   1802.0   1.14e-18
   1811.0   4.32e-19
   1824.0   8.23e-19
   1828.0   4.06e-19
   1836.0   5.51e-19
   1838.0   3.23e-19
   1844.0   3.64e-19
   1846.0   7.37e-19
   1851.0   2.67e-19
   1858.0   2.75e-19
   1863.0   4.99e-19
   1868.0   2.15e-19
   1874.0   2.07e-19
   1880.0   2.82e-19
   1885.0   1.22e-19
   1890.0   1.68e-19
   1893.0   3.38e-19
   1900.0   9.64e-20
   1907.0   1.18e-19
   1911.0   3.07e-19
   1918.0   8.60e-20
   1924.0   1.04e-19
   1927.0   2.04e-19
   1936.0   8.30e-20
   1946.0   3.00e-19
   1951.0   9.12e-20
   1958.0   7.48e-20
   1963.0   2.08e-19
   1971.0   6.81e-20
   1974.0   1.12e-19
   1978.0   6.33e-20
   1981.0   1.19e-19
   1990.0   5.81e-20
   2000.0   1.44e-19
   2011.0   3.72e-20
   2306.0   1.00e-28
  4
        29      0.00   1086.00 c2h2     c2h2i    32  2
lambda=600.a-1000.a  r.i. schoen, j. chem. phys.37,2032(1962)
lambda=1050.a-2011.a  t. nakayama and k. watanabe, j. chem. phys.
   40,588(1964)

      0.00  5.00e-01
    600.0   6.90e-01
    620.0   7.10e-01
    640.0   7.30e-01
    660.0   7.80e-01
    680.0   8.20e-01
    696.99  9.00e-01
    697.00  1.00e 00
    720.0   9.70e-01
    740.0   8.40e-01
    760.0   6.60e-01
    780.0   6.50e-01
    800.0   7.30e-01
    820.0   7.70e-01
    840.0   7.50e-01
    860.0   6.30e-01
    880.0   5.80e-01
    900.0   5.50e-01
    920.0   5.90e-01
    940.0   7.10e-01
    960.0   7.50e-01
    980.0   7.50e-01
   1000.0   7.20e-01
   1050.0   9.77e-01
   1060.0   9.12e-01
   1075.0   7.08e-01
   1085.0   7.16e-01
   1086.00  0.00e 00
   2306.00  0.00e 00
         9      0.00    697.00 c2h2     c2hih    33 40
lambda=600.a-1000.a  r.i. schoen, j. chem. phys.37,2032(1962)

      0.00  5.00e-01
    600.0   3.10e-01
    620.0   2.90e-01
    640.0   2.70e-01
    660.0   2.20e-01
    680.0   1.80e-01
    696.99  1.00e-01
    697.00  0.00e 00
   2306.00  0.00e 00
        26      0.00   2006.00 c2h2     c2dh2    47 26
 branching ratio:
 lambda=1470.a  okabe, h. (1981)
    j. chem. phys. 75, 2772
 lambda=1849.a  okabe, h. (1983)
    j. chem. phys. 78, 1312

      0.00  0.00e 00
    697.00  0.00e 00
    720.00  1.00e-02
    740.00  4.00e-02
    760.00  8.00e-02
    780.00  9.00e-02
    800.00  7.00e-02
    820.00  6.00e-02
    840.00  6.00e-02
    860.00  9.00e-02
    880.00  1.00e-01
    900.00  1.10e-01
    920.00  1.00e-01
    940.00  7.00e-02
    960.00  6.00e-02
    980.00  6.00e-02
   1000.00  7.00e-02
   1050.00  5.00e-03
   1060.00  2.20e-02
   1075.00  7.20e-02
   1085.00  7.40e-02
   1086.00  1.00e-01
   1470.00  1.00e-01
   1849.00  1.00e-01
   1850.00  0.00e 00
   2306.00  0.00e 00
        27      0.00   2306.00 c2h2     c2hdh    46 26
 branching ratio:
 lambda=1470.a  okabe, h. (1981)
    j. chem. phys. 75, 2772
 lambda=1849.a  okabe, h. (1983)
    j. chem. phys. 78, 1312

      0.00  0.00e 00
    697.00  0.00e 00
    720.00  2.00e-02
    740.00  1.20e-01
    760.00  2.60e-01
    780.00  2.60e-01
    800.00  2.00e-01
    820.00  1.70e-01
    840.00  1.90e-01
    860.00  2.80e-01
    880.00  3.20e-01
    900.00  3.40e-01
    920.00  3.10e-01
    940.00  2.20e-01
    960.00  1.90e-01
    980.00  1.90e-01
   1000.00  2.10e-01
   1050.00  1.80e-02
   1060.00  6.60e-02
   1075.00  2.20e-01
   1085.00  2.10e-01
   1086.00  3.00e-01
   1470.00  3.00e-01
   1849.00  6.00e-02
   1850.00  1.00e 00
   2006.00  1.00e 00
   2306.00  1.00e 00
         0      0.00   1849.00 c2h2     c2h2**
***
       270      0.00   7000.00 h2co     total

      1.00  9.00e-23
     10.00  9.10e-20
     22.50  7.60e-19
     23.50  2.40e-19
     41.00  1.10e-18
     43.00  1.60e-19
     50.00  2.50e-19
    100.00  1.30e-18
    200.00  5.90e-18
    300.00  1.00e-17
    400.00  1.42e-17
    500.00  1.81e-17
    600.00  2.50e-17
    615.00  3.30e-17
    624.00  3.10e-17
    628.00  3.75e-17
    634.00  3.50e-17
    642.00  3.70e-17
    660.00  3.40e-17
    670.00  3.00e-17
    680.00  3.60e-17
    690.00  3.49e-17
    704.00  3.49e-17
    719.00  3.30e-17
    721.00  3.70e-17
    723.00  3.70e-17
    725.00  3.00e-17
    735.00  3.30e-17
    737.00  2.71e-17
    741.00  2.80e-17
    744.00  3.50e-17
    750.00  3.40e-17
    752.00  3.09e-17
    760.00  3.20e-17
    770.00  3.70e-17
    774.00  3.50e-17
    778.00  4.40e-17
    780.00  4.10e-17
    785.00  4.80e-17
    791.00  4.80e-17
    793.00  4.09e-17
    800.00  4.70e-17
    801.00  3.51e-17
    805.00  4.10e-17
    807.00  3.30e-17
    812.00  3.70e-17
    813.00  4.80e-17
    815.00  3.70e-17
    830.00  4.10e-17
    832.00  3.20e-17
    838.00  4.70e-17
    840.00  3.00e-17
    844.00  4.10e-17
    850.00  2.40e-17
    853.00  3.60e-17
    857.00  2.40e-17
    860.00  2.80e-17
    867.00  1.89e-17
    870.00  2.49e-17
    875.00  1.90e-17
    879.00  2.89e-17
    881.00  1.30e-17
    882.01  1.38e-17
    900.00  3.90e-17
    906.00  3.60e-17
    910.00  3.00e-17
    915.00  4.60e-17
    919.00  3.70e-17
    927.00  5.00e-17
    928.00  5.90e-17
    930.00  5.20e-17
    933.00  5.20e-17
    935.00  7.10e-17
    938.00  4.70e-17
    944.00  6.70e-17
    950.00  3.49e-17
    956.00  5.80e-17
    960.00  3.30e-17
    965.00  2.40e-17
    970.00  3.20e-17
    972.00  2.01e-17
    981.00  3.20e-17
    990.00  1.50e-17
   1000.00  1.70e-17
   1043.00  1.62e-17
   1043.10  1.62e-17
   1100.00  1.51e-17
   1141.70  1.67e-17
   1150.00  1.70e-17
   1160.00  1.90e-17
   1164.00  1.10e-17
   1168.00  1.80e-17
   1172.00  9.30e-18
   1177.00  2.60e-17
   1181.00  7.40e-18
   1185.00  1.80e-17
   1189.00  9.00e-18
   1192.00  2.20e-17
   1205.00  3.70e-18
   1210.00  1.90e-17
   1215.00  7.40e-18
   1222.00  3.20e-17
   1226.00  7.30e-18
   1234.00  7.20e-18
   1237.00  3.00e-17
   1240.00  6.00e-18
   1256.00  8.60e-18
   1260.00  2.60e-17
   1266.00  7.40e-18
   1283.00  1.50e-17
   1288.00  7.30e-17
   1291.00  2.40e-17
   1293.00  3.10e-17
   1298.00  6.00e-18
   1302.00  1.20e-17
   1306.00  6.00e-18
   1321.00  6.00e-18
   1330.00  3.00e-18
   1339.00  1.40e-17
   1347.00  7.00e-18
   1350.00  1.90e-17
   1358.00  7.00e-18
   1370.00  1.10e-17
   1374.00  4.80e-17
   1377.00  1.30e-17
   1388.00  6.00e-18
   1394.00  8.00e-18
   1398.00  5.20e-17
   1400.00  1.00e-17
   1410.00  4.00e-18
   1450.00  3.00e-18
   1475.00  6.00e-18
   1490.00  4.00e-18
   1501.00  2.40e-17
   1506.00  5.00e-18
   1515.00  5.00e-18
   1520.00  5.80e-17
   1524.00  3.50e-17
   1528.00  7.10e-17
   1533.00  8.00e-18
   1550.00  7.00e-18
   1557.00  6.70e-17
   1560.00  4.00e-18
   1570.00  5.00e-19
   1660.00  5.00e-19
   1680.00  2.00e-18
   1700.00  1.00e-18
   1710.00  2.00e-18
   1724.00  1.10e-17
   1732.00  1.10e-17
   1740.00  2.20e-17
   1745.00  1.90e-17
   1750.00  5.20e-17
   1758.00  5.00e-18
   1760.00  4.00e-18
   1800.00  5.00e-18
   1850.00  2.00e-18
   2000.00  1.30e-20
   2100.00  8.00e-21
   2200.00  5.00e-21
   2300.00  3.60e-21
   2400.00  3.00e-21
   2500.00  4.80e-21
   2560.00  8.00e-21
   2585.00  5.70e-21
   2600.00  2.50e-21
   2612.00  6.00e-21
   2618.00  2.50e-21
   2625.00  2.50e-21
   2634.70  9.90e-21
   2640.00  1.20e-20
   2645.00  5.00e-21
   2665.00  2.50e-21
   2672.50  1.40e-20
   2675.00  8.00e-21
   2682.50  1.30e-20
   2690.00  6.50e-21
   2700.00  6.50e-21
   2710.00  2.00e-20
   2713.60  2.10e-20
   2716.00  2.00e-20
   2730.00  5.00e-21
   2745.00  5.00e-21
   2750.00  3.25e-20
   2750.01  3.25e-20
   2755.00  2.00e-20
   2762.60  2.80e-20
   2766.50  2.10e-20
   2780.00  6.50e-21
   2797.60  2.90e-20
   2807.00  1.10e-20
   2810.00  1.70e-20
   2825.00  5.00e-21
   2830.00  5.00e-21
   2835.00  5.00e-20
   2847.00  5.60e-20
   2850.00  3.50e-20
   2870.00  7.50e-21
   2875.00  2.50e-20
   2885.90  4.60e-20
   2900.00  6.50e-21
   2910.00  2.00e-20
   2920.00  7.50e-21
   2925.00  6.50e-21
   2938.10  8.40e-20
   2948.00  2.50e-20
   2950.00  4.20e-20
   2955.00  2.50e-20
   2970.00  7.00e-21
   2985.70  4.80e-20
   2995.00  1.25e-20
   3007.00  5.00e-21
   3012.00  2.50e-20
   3020.00  1.25e-20
   3028.00  5.00e-21
   3041.80  6.90e-20
   3050.00  2.40e-20
   3054.90  6.30e-20
   3060.00  4.50e-20
   3074.00  7.00e-21
   3077.00  7.00e-21
   3080.00  2.50e-20
   3091.00  4.20e-20
   3095.00  2.50e-20
   3105.00  1.00e-20
   3112.00  2.50e-21
   3118.00  1.00e-20
   3123.00  2.00e-20
   3130.00  6.50e-21
   3144.30  7.60e-20
   3150.00  3.70e-20
   3160.00  1.00e-20
   3171.20  7.10e-20
   3173.00  3.75e-20
   3195.00  2.50e-21
   3198.00  2.00e-21
   3203.00  2.25e-20
   3215.00  1.25e-20
   3225.00  1.00e-21
   3228.00  5.00e-22
   3241.00  1.20e-20
   3248.00  6.00e-21
   3261.80  7.10e-20
   3270.00  2.50e-20
   3276.00  3.00e-21
   3282.00  2.00e-21
   3295.80  5.40e-20
   3300.00  2.00e-20
   3310.00  1.00e-21
   3320.00  1.00e-22
   3340.00  1.00e-22
   3345.00  1.00e-21
   3350.00  1.00e-22
   3360.00  1.00e-22
   3370.00  2.50e-21
   3375.00  2.50e-21
   3390.30  5.80e-20
   3400.00  1.25e-20
   3420.00  1.00e-22
   3431.90  2.50e-20
   3450.00  5.00e-22
   3460.00  1.00e-22
   3517.00  1.00e-22
   3531.70  3.00e-20
   3553.00  1.00e-21
   3560.00  1.00e-22
   3600.00  1.00e-22
   3700.00  1.90e-21
   3740.00  1.00e-35
   7000.00  1.00e-35
  5
        58      0.00   3340.00 h2co     hcodh    44 26
 Lambda=0.A-500.A  Barfield et al. (1972)
 Lambda=600.A-1760.A  Mentall et al. (1971)
 Lambda=1760.A-1850.A  Gentieu and Mentall (1970)
 lambda=2000.a-2634.7A  calvert, j. g. and pitts, jr., j. n. (1966)
    photochemistry, john wiley + sons, inc., n. y.
 Lambda=2634.7A-3531.7A  Rogers   (1990)
    J. Chem. Phys.
 Lambda=3531.7A-3740.a  calvert, j. g. and pitts, jr., j. n. (1966)
    photochemistry, john wiley + sons, inc., n. y.
 predissociation  calvert, j. g. and pitts, jr., j. n. (1966)
    photochemistry, john wiley + sons, inc., n. y.
 lambda=3493.a  threshold  glicker, s. and stief, l. j. (1971)
    j. chem. phys. 54, 2852
 lambda=2991.a-3392.a  clark, j. h., moore, c. b. and nogar, n. s. (1977)
    j. chem. phys.
    (branching ratio)

      1.00  0.00e 00
   1850.00  0.00e 00
   2000.00  1.41e-01
   2100.00  2.83e-01
   2200.00  4.24e-01
   2300.00  5.64e-01
   2400.00  7.06e-01
   2500.00  8.48e-01
   2560.00  8.79e-01
   2585.00  8.56e-01
   2600.00  8.42e-01
   2615.00  8.28e-01
   2635.00  8.09e-01
   2650.00  7.96e-01
   2670.00  7.77e-01
   2695.00  7.54e-01
   2705.00  7.44e-01
   2730.00  7.20e-01
   2750.00  7.03e-01
   2750.01  7.00e-01
   2760.00  6.94e-01
   2780.00  6.75e-01
   2795.00  6.62e-01
   2800.00  6.57e-01
   2825.00  6.34e-01
   2840.00  6.19e-01
   2860.00  6.01e-01
   2880.00  5.82e-01
   2898.00  5.66e-01
   2903.00  5.62e-01
   2915.00  5.50e-01
   2935.00  5.31e-01
   2960.00  5.09e-01
   2975.00  4.95e-01
   3000.00  4.77e-01
   3010.00  4.74e-01
   3020.00  4.70e-01
   3040.00  4.64e-01
   3050.00  4.60e-01
   3075.00  4.52e-01
   3085.00  4.50e-01
   3110.00  4.41e-01
   3120.00  4.37e-01
   3130.00  4.34e-01
   3140.00  4.31e-01
   3150.00  4.28e-01
   3160.00  4.24e-01
   3195.00  4.10e-01
   3205.00  4.06e-01
   3220.00  3.99e-01
   3230.00  3.95e-01
   3265.00  3.79e-01
   3280.00  3.47e-01
   3295.00  3.16e-01
   3330.00  2.05e-01
   3340.00  1.50e-01
   3341.00  0.00e 00
   7000.00  0.00e 00
        43      0.00   7000.00 h2co     codh2    43 26
 lambda=2000.a-3740.a  calvert, j. g. and pitts, jr., j. n. (1966)
    photochemistry, john wiley + sons, inc., n. y.
 predissociation  calvert, j. g. and pitts, jr., j. n. (1966)
    photochemistry, john wiley + sons, inc., n. y.
 lambda=2991.a-3392.a  branching ratios  clark, j. h., moore, c. b. and nogar,
    n. s. (1977)
    j. chem. phys.
lambda=7000.a  guessed dissociation threshold (heat of formation is negative)

      1.00  0.00e 00
   2705.00  0.00e 00
   2730.00  1.40e-01
   2750.00  2.51e-01
   2750.01  3.00e-01
   2760.00  3.06e-01
   2780.00  3.25e-01
   2795.00  3.38e-01
   2800.00  3.43e-01
   2825.00  3.66e-01
   2840.00  3.81e-01
   2860.00  3.99e-01
   2880.00  4.18e-01
   2898.00  4.34e-01
   2903.00  4.38e-01
   2915.00  4.50e-01
   2935.00  4.69e-01
   2960.00  4.91e-01
   2975.00  5.05e-01
   3000.00  5.23e-01
   3010.00  5.26e-01
   3020.00  5.30e-01
   3040.00  5.36e-01
   3050.00  5.40e-01
   3075.00  5.48e-01
   3085.00  5.50e-01
   3110.00  5.59e-01
   3120.00  5.63e-01
   3130.00  5.66e-01
   3140.00  5.69e-01
   3150.00  5.72e-01
   3160.00  5.76e-01
   3195.00  5.90e-01
   3205.00  5.94e-01
   3220.00  6.01e-01
   3230.00  6.05e-01
   3265.00  6.21e-01
   3280.00  6.53e-01
   3295.00  6.84e-01
   3330.00  7.95e-01
   3340.00  8.50e-01
   3341.00  1.00e 00
   7000.00  1.00e 00
        95      0.00   2750.00 h2co     codhdh   45 26
 lambda=600.a-1760.a  mentall, j. e., gentieu, e. p., kraus, m. and
neumann, d.
    (1971)
    j. chem. phys. 55, 5471
 lambda=1760.a-1850.a  gentieu, e. p. and mentall, j. e. (1970)
    science 169, 681
 lambda=600.a-1141.6a  branching ratio  mentall, j. e., gentieu, e. p., kraus,
    m. and neumann, d. (1971)
    j. chem. phys. 55, 5471
 lambda=1470.a, 1236.a  branching ratios  stief, l. j., donn, b., glicker, s.,
    gentieu, e. p. and mentall, j. e. (1972)
    j. chem. phys. 54, 2852  also
    clark, j. h., moore, c. b. and nogar, n. s. (1977)
    j. chem. phys.

      1.00  1.00e-03
    600.00  5.00e-01
    615.00  5.61e-01
    624.00  5.07e-01
    628.00  6.00e-01
    634.00  5.74e-01
    642.00  5.43e-01
    660.00  4.41e-01
    670.00  3.00e-01
    680.00  4.70e-01
    690.00  4.30e-01
    704.00  3.89e-01
    719.00  3.97e-01
    721.00  3.91e-01
    723.00  3.76e-01
    725.00  3.57e-01
    735.00  2.72e-01
    737.00  2.55e-01
    741.00  2.39e-01
    744.00  2.66e-01
    750.00  3.21e-01
    752.00  3.23e-01
    760.00  3.41e-01
    770.00  3.51e-01
    774.00  3.97e-01
    778.00  4.45e-01
    780.00  4.70e-01
    785.00  4.46e-01
    791.00  4.25e-01
    793.00  4.35e-01
    800.00  4.70e-01
    801.00  4.62e-01
    805.00  4.34e-01
    807.00  4.22e-01
    812.00  4.00e-01
    813.00  4.00e-01
    815.00  4.00e-01
    830.00  4.00e-01
    832.00  4.00e-01
    838.00  4.00e-01
    840.00  3.99e-01
    844.00  4.00e-01
    850.00  3.99e-01
    853.00  4.00e-01
    857.00  4.00e-01
    860.00  4.00e-01
    867.00  2.21e-01
    870.00  2.51e-01
    875.00  3.00e-01
    879.00  3.17e-01
    881.00  3.24e-01
    882.00  3.50e-01
    900.00  4.01e-01
    906.00  4.60e-01
    910.00  5.00e-01
    915.00  5.00e-01
    919.00  5.01e-01
    927.00  4.44e-01
    928.00  4.35e-01
    930.00  4.20e-01
    933.00  4.02e-01
    935.00  3.90e-01
    938.00  3.72e-01
    944.00  3.24e-01
    950.00  2.71e-01
    956.00  2.76e-01
    960.00  2.80e-01
    965.00  2.00e-01
    970.00  1.20e-01
    972.00  1.76e-01
    981.00  3.69e-01
    990.00  1.00e-01
   1000.00  5.00e-02
   1043.00  1.00e-01
   1141.60  1.00e 00
   1850.00  1.00e 00
   2000.00  8.59e-01
   2100.00  7.17e-01
   2200.00  5.76e-01
   2300.00  4.36e-01
   2400.00  2.94e-01
   2500.00  1.52e-01
   2560.00  1.21e-01
   2585.00  1.44e-01
   2600.00  1.58e-01
   2615.00  1.72e-01
   2635.00  1.91e-01
   2650.00  2.04e-01
   2670.00  2.23e-01
   2695.00  2.46e-01
   2705.00  2.56e-01
   2730.00  1.40e-01
   2750.00  4.60e-02
   2750.01  0.00e 00
   7000.00  0.00e 00
        76      0.00   1141.60 h2co     h2coi    31  2
 lambda=600.a-1760.a  mentall, j. e., gentieu, e. ., kraus, m. and neumann, d.
    (1971)
    j. chem. phys. 55, 5471
 lambda=1760.a-1850.a  gentieu, e. p. and mentall, j. e. (1970)
    science 169, 681
 lambda=1141.6a  threshold  guyon, p. m., chupka, w. a. and berkowitz, j.
(1976)
    j. chem. phys. 64, 1419
 lambda=600.a-1141.6a  branching ratio  mentall, j. e., gentieu, e. p., kraus,
    m. and neumann, d. (1971)
    j. chem. phys. 55, 5471
 lambda=680.a-1043.a  branching ratio  guyon, p. m., chupka, w. a. and
berkowitz
    j. (1976)
    j. chem. phys. 64, 1419

      1.00  0.00e 00
    600.00  1.05e-01
    615.00  9.70e-02
    624.00  1.12e-01
    628.00  9.22e-02
    634.00  1.00e-01
    642.00  1.10e-01
    660.00  1.42e-01
    670.00  1.83e-01
    680.00  1.43e-01
    690.00  1.63e-01
    704.00  1.87e-01
    719.00  1.99e-01
    721.00  2.03e-01
    723.00  2.10e-01
    725.00  2.19e-01
    735.00  2.59e-01
    737.00  2.67e-01
    741.00  2.78e-01
    744.00  2.72e-01
    750.00  2.59e-01
    752.00  2.61e-01
    760.00  2.63e-01
    770.00  2.70e-01
    774.00  2.50e-01
    778.00  2.29e-01
    780.00  2.18e-01
    785.00  2.27e-01
    791.00  2.33e-01
    793.00  2.28e-01
    800.00  2.12e-01
    801.00  2.15e-01
    805.00  2.30e-01
    807.00  2.37e-01
    812.00  2.51e-01
    813.00  2.52e-01
    815.00  2.54e-01
    830.00  2.93e-01
    832.00  2.99e-01
    838.00  3.19e-01
    840.00  3.26e-01
    844.00  3.39e-01
    850.00  3.60e-01
    853.00  3.69e-01
    857.00  3.83e-01
    860.00  3.93e-01
    867.00  5.39e-01
    870.00  5.30e-01
    875.00  5.14e-01
    879.00  5.15e-01
    881.00  5.14e-01
    882.00  5.00e-01
    900.00  4.49e-01
    906.00  3.78e-01
    910.00  3.33e-01
    915.00  3.13e-01
    919.00  2.95e-01
    927.00  2.92e-01
    928.00  2.92e-01
    930.00  2.90e-01
    933.00  3.15e-01
    935.00  3.34e-01
    938.00  3.62e-01
    944.00  4.27e-01
    950.00  5.46e-01
    956.00  5.43e-01
    960.00  5.40e-01
    965.00  6.08e-01
    970.00  6.77e-01
    972.00  6.38e-01
    981.00  5.01e-01
    990.00  7.40e-01
   1000.00  8.14e-01
   1043.00  9.00e-01
   1141.60  0.00e 00
   7000.00  0.00e 00
        76      0.00   1043.00 h2co     hcoih    31 40
 lambda=600.a-1760.a  mentall, j. e., gentieu, e. p., kraus, m. and
neumann, d.
    (1971)
    j. chem. phys. 55, 5471
 lambda=1043.a  threshold  guyon, p. m., chupka, w. a. and berkowitz, j.
(1976)
    j. chem. phys. 64, 1419
 lambda=600.a-1141.6a  branching ratio  mentall, j. e., gentieu, e. p., kraus,
    m. and neumann, d. (1971)
    j. chem. phys. 55, 5471
 lambda=680.a-1043.a  branching ratio  guyon, p. m., chupka, w. a. and
berkowitz
    j. (1976)
    j. chem. phys. 64, 1419

      1.00  1.00e-03
    600.00  2.92e-01
    615.00  2.61e-01
    624.00  2.95e-01
    628.00  2.41e-01
    634.00  2.57e-01
    642.00  2.78e-01
    660.00  3.47e-01
    670.00  4.37e-01
    680.00  3.34e-01
    690.00  3.50e-01
    704.00  3.63e-01
    719.00  3.46e-01
    721.00  3.48e-01
    723.00  3.55e-01
    725.00  3.64e-01
    735.00  4.03e-01
    737.00  4.10e-01
    741.00  4.14e-01
    744.00  3.97e-01
    750.00  3.62e-01
    752.00  3.59e-01
    760.00  3.44e-01
    770.00  3.32e-01
    774.00  3.11e-01
    778.00  2.89e-01
    780.00  2.78e-01
    785.00  2.94e-01
    791.00  3.09e-01
    793.00  3.05e-01
    800.00  2.91e-01
    801.00  2.97e-01
    805.00  3.12e-01
    807.00  3.19e-01
    812.00  3.30e-01
    813.00  3.29e-01
    815.00  3.30e-01
    830.00  2.97e-01
    832.00  2.92e-01
    838.00  2.72e-01
    840.00  2.67e-01
    844.00  2.54e-01
    850.00  2.35e-01
    853.00  2.25e-01
    857.00  2.12e-01
    860.00  2.03e-01
    867.00  2.37e-01
    870.00  2.16e-01
    875.00  1.85e-01
    879.00  1.68e-01
    881.00  1.62e-01
    882.00  1.50e-01
    900.00  1.50e-01
    906.00  1.62e-01
    910.00  1.67e-01
    915.00  1.87e-01
    919.00  2.04e-01
    927.00  2.64e-01
    928.00  2.73e-01
    930.00  2.90e-01
    933.00  2.83e-01
    935.00  2.76e-01
    938.00  2.66e-01
    944.00  2.49e-01
    950.00  1.83e-01
    956.00  1.81e-01
    960.00  1.80e-01
    965.00  1.92e-01
    970.00  2.03e-01
    972.00  1.86e-01
    981.00  1.30e-01
    982.00  1.59e-01
    990.00  1.59e-01
   1000.00  1.36e-01
   1043.00  0.00e 00
   7000.00  0.00e 00
         0      0.00    882.00 h2co     coih2    32 40
***
        29      0.00   3650.   ph3      ph2dh       26
 cross section:
 lambda=1950.-2350.a  kley, d. and welge, k. h. (1965)
    z. naturforschg. 20 a, 124-131

      0.61  2.40e-22
      1.24  2.00e-21
      2.44  1.40e-20
      5.65  1.30e-19
      5.90  1.30e-20
      6.15  1.40e-20
     12.57  9.90e-20
     24.62  5.50e-19
     62.09  4.30e-18
     64.70  4.00e-18
     79.90  5.30e-18
     83.30  5.10e-18
     86.90  2.90e-18
     90.60  2.80e-19
    121.70  4.50e-19
    238.30  1.00e-18
    248.60  1.20e-18
    626.80  1.00e-17
    877.00  2.00e-17
   1950.00  3.25e-18
   2000.00  2.03e-18
   2050.00  4.06e-19
   2100.00  1.22e-19
   2150.00  2.84e-20
   2200.00  8.12e-21
   2250.00  2.84e-21
   2300.00  1.62e-21
   2350.00  8.12e-22
   3650.00  1.00e-26
  0
***
        63      0.00   5765.00 h2o2     ohdoh       26
cross section:
lambda=1.-1000.a  barfield et al.
lambda=1200.-1950.a  lin, c. l., rohatgi, n. k., and demore, w. b. (1978)
   geophys. res. lett. 5, 113
lambda=1950.-3500.a  schuergers, m. and welge, k.h. (1968)
   z. natur forsch. 23a, 1508

      1.00  2.00e-22
      5.00  2.00e-20
     10.00  2.00e-19
     22.60  1.10e-18
     23.60  6.00e-20
    100.00  2.00e-18
    200.00  1.00e-17
    300.00  2.00e-17
    400.00  2.50e-17
    500.00  3.00e-17
    600.00  3.40e-17
    700.00  3.50e-17
    800.00  3.00e-17
    900.00  2.40e-17
   1000.00  1.00e-17
   1200.00  1.00e-17
   1250.00  1.00e-17
   1300.00  9.67e-18
   1350.00  7.81e-18
   1400.00  5.58e-18
   1450.00  4.28e-18
   1500.00  3.72e-18
   1550.00  3.53e-18
   1600.00  3.72e-18
   1650.00  4.09e-18
   1700.00  3.53e-18
   1750.00  2.05e-18
   1800.00  1.30e-18
   1850.00  1.04e-18
   1900.00  6.72e-19
   1950.00  5.63e-19
   2000.00  4.75e-19
   2050.00  3.98e-19
   2100.00  3.49e-19
   2150.00  2.99e-19
   2200.00  2.54e-19
   2250.00  2.13e-19
   2300.00  1.79e-19
   2350.00  1.48e-19
   2400.00  1.22e-19
   2450.00  1.00e-19
   2500.00  8.30e-20
   2550.00  6.70e-20
   2600.00  5.20e-20
   2650.00  4.20e-20
   2700.00  3.20e-20
   2750.00  2.50e-20
   2800.00  2.00e-20
   2850.00  1.50e-20
   2900.00  1.13e-20
   2950.00  8.70e-21
   3000.00  6.60e-21
   3050.00  4.90e-21
   3100.00  3.70e-21
   3150.00  2.80e-21
   3200.00  2.00e-21
   3250.00  1.50e-21
   3300.00  1.20e-21
   3350.00  9.00e-22
   3400.00  7.00e-22
   3450.00  5.00e-22
   3500.00  3.00e-22
   5765.00  1.00e-35
  0
***
        55      0.00   3540.   hnco     total
 cross section:
 lambda=.61-627.a  barfield et al. h+n+c+o
 lambda=1200.-2000.a  okabe, h. (1970)
    j. of chem. phys. 53, 9
 lambda=2100.-2550.a  dixon, r. n. and kirby, g. h. (1968)
    transactions faraday soc. 64, 2002

      0.61  2.69e-23
      1.24  2.64e-22
      2.44  2.15e-21
      6.15  3.41e-20
     12.57  2.54e-19
     24.62  7.91e-19
     62.09  6.56e-19
    121.67  3.01e-18
    248.57  1.12e-17
    626.82  3.45e-17
   1200.00  5.28e-17
   1220.00  2.64e-17
   1240.00  4.06e-17
   1260.00  3.25e-17
   1280.00  2.64e-17
   1300.00  3.35e-17
   1320.00  1.42e-17
   1340.00  9.95e-17
   1345.00  1.73e-17
   1352.00  4.87e-17
   1360.00  1.62e-17
   1370.00  1.26e-16
   1380.00  2.74e-17
   1400.00  1.12e-17
   1420.00  3.74e-18
   1440.00  3.00e-18
   1460.00  2.23e-18
   1480.00  2.52e-18
   1500.00  2.76e-18
   1520.00  3.65e-18
   1540.00  3.74e-18
   1560.00  4.26e-18
   1580.00  4.34e-18
   1600.00  3.98e-18
   1620.00  3.65e-18
   1640.00  4.67e-18
   1660.00  4.95e-18
   1680.00  4.67e-18
   1700.00  4.47e-18
   1720.00  3.74e-18
   1740.00  3.17e-18
   1760.00  2.23e-18
   1780.00  1.62e-18
   1800.00  1.22e-18
   1850.00  7.31e-19
   1900.00  6.09e-19
   1950.00  4.87e-19
   2000.00  3.25e-19
   2100.00  3.00e-20
   2200.00  8.00e-21
   2300.00  3.00e-21
   2400.00  1.00e-21
   2500.00  5.00e-22
   2550.00  3.00e-22
   3540.00  1.00e-24
  1
         4      0.00   3540.   hnco     nhdco       26

      0.60  5.00e-01
   2530.00  5.00e-01
   2531.00  1.00e+00
   3540.00  1.00e+00
         0      0.00   2530.   hnco     hdnco       26
***
       116      0.00   5910.00 hono     ohdno       26
 cross sections:
 lambda=0.6-940.a  barfield et al.
 lambda=2000.-4000.a (except 3120.-3900.a)  cox, r. a. and derwent, r. g.
(1976)
    j. photochem. 6, 23
 lambda=3120.-3900.a  stockwell, w. r. and calvert, j. g. (1978)
    j. photochem. 8, 193

      0.61  3.80e-23
      1.12  3.70e-22
      2.44  3.00e-21
      6.15  4.60e-20
     12.57  3.40e-19
     22.64  1.90e-18
     23.61  4.90e-19
     24.62  5.40e-19
     29.13  8.20e-19
     30.38  1.50e-19
     62.09  9.00e-19
    121.70  4.10e-18
    248.60  1.50e-17
    625.80  3.90e-17
    915.00  4.50e-17
    940.00  3.00e-17
   2000.00  1.25e-18
   2050.00  1.85e-18
   2100.00  2.95e-18
   2150.00  4.25e-18
   2200.00  1.77e-18
   2250.00  1.40e-18
   2300.00  1.04e-18
   2350.00  6.80e-19
   2400.00  4.20e-19
   2450.00  2.80e-19
   2500.00  1.80e-19
   2550.00  1.10e-19
   2600.00  8.00e-20
   2650.00  4.00e-20
   2700.00  2.00e-20
   2750.00  4.00e-21
   3110.00  4.00e-21
   3120.00  2.00e-21
   3130.00  4.20e-21
   3140.00  4.60e-21
   3150.00  4.20e-21
   3160.00  3.00e-21
   3170.00  4.60e-21
   3180.00  3.60e-20
   3190.00  6.10e-20
   3200.00  2.10e-20
   3210.00  4.27e-20
   3220.00  4.01e-20
   3230.00  3.93e-20
   3240.00  4.01e-20
   3250.00  4.04e-20
   3260.00  3.13e-20
   3270.00  4.12e-20
   3280.00  7.55e-20
   3290.00  6.64e-20
   3300.00  7.29e-20
   3310.00  8.70e-20
   3320.00  1.38e-19
   3330.00  5.91e-20
   3340.00  5.91e-20
   3350.00  6.45e-20
   3360.00  5.91e-20
   3370.00  4.58e-20
   3380.00  1.91e-19
   3390.00  1.63e-19
   3400.00  1.05e-19
   3410.00  8.70e-20
   3420.00  3.35e-19
   3430.00  2.01e-19
   3440.00  1.02e-19
   3450.00  8.54e-20
   3460.00  8.32e-20
   3470.00  8.20e-20
   3480.00  7.49e-20
   3490.00  7.13e-20
   3500.00  6.83e-20
   3510.00  1.74e-19
   3520.00  1.14e-19
   3530.00  3.71e-19
   3540.00  4.96e-19
   3550.00  2.46e-19
   3560.00  1.19e-19
   3570.00  9.35e-20
   3580.00  7.78e-20
   3590.00  7.29e-20
   3600.00  6.83e-20
   3610.00  6.90e-20
   3620.00  7.32e-20
   3630.00  9.00e-20
   3640.00  1.21e-19
   3650.00  1.33e-19
   3660.00  2.13e-19
   3670.00  3.52e-19
   3680.00  4.50e-19
   3690.00  2.93e-19
   3700.00  1.19e-19
   3710.00  9.46e-20
   3720.00  8.85e-20
   3730.00  7.44e-20
   3740.00  4.77e-20
   3750.00  2.70e-20
   3760.00  1.90e-20
   3770.00  1.50e-20
   3780.00  1.90e-20
   3790.00  5.80e-20
   3800.00  7.78e-20
   3810.00  1.14e-19
   3820.00  1.40e-19
   3830.00  1.72e-19
   3840.00  1.99e-19
   3850.00  1.90e-19
   3860.00  1.19e-19
   3870.00  5.65e-20
   3880.00  3.20e-20
   3890.00  1.90e-20
   3900.00  1.20e-20
   3910.00  5.00e-21
   3940.00  4.00e-21
   4000.00  4.00e-21
   5910.00  1.00e-35
  0
***
       403      0.00  90000.00 no3      total
 cross section:
 lambda=0.6-630.a from atomic cross sections from barfield et al.
 lambda=915.-3980.a same as no2
 lambda=4000.-7030.a graham, r. a. and johnston, h. s. (1978)
    j. chem. phys. 82, 254

      0.61  5.30e-23
      1.12  5.10e-22
      2.44  4.20e-21
      6.15  6.40e-20
     12.57  4.70e-19
     22.64  2.50e-18
     23.61  5.20e-19
     24.62  5.80e-19
     29.13  9.20e-19
     30.38  2.60e-19
     62.09  1.40e-18
    121.70  5.70e-18
    248.60  2.10e-17
    625.80  5.30e-17
    915.00  4.50e-17
    940.00  3.00e-17
   1080.00  1.02e-17
   1100.00  1.42e-17
   1120.00  1.30e-17
   1140.00  1.22e-17
   1160.00  8.12e-18
   1180.00  8.53e-18
   1200.00  7.71e-18
   1220.00  1.12e-17
   1240.00  1.93e-17
   1260.00  3.25e-17
   1280.00  3.17e-17
   1300.00  1.46e-17
   1320.00  6.90e-18
   1340.00  1.26e-17
   1360.00  9.34e-18
   1380.00  1.12e-17
   1400.00  1.22e-17
   1420.00  1.42e-17
   1440.00  2.07e-17
   1460.00  1.34e-17
   1480.00  1.14e-17
   1500.00  1.18e-17
   1520.00  2.19e-17
   1540.00  1.68e-17
   1560.00  1.64e-17
   1580.00  1.54e-17
   1600.00  1.62e-17
   1650.00  1.71e-17
   1700.00  1.79e-17
   1750.00  1.14e-17
   1800.00  6.90e-18
   1850.00  2.60e-19
   1900.00  2.93e-19
   1950.00  2.42e-19
   2000.00  2.50e-19
   2050.00  3.75e-19
   2100.00  3.85e-19
   2150.00  4.02e-19
   2200.00  3.96e-19
   2250.00  3.24e-19
   2300.00  2.43e-19
   2350.00  1.48e-19
   2400.00  6.70e-20
   2415.00  6.09e-20
   2420.00  1.42e-19
   2445.00  8.12e-20
   2450.00  4.35e-20
   2460.00  1.14e-19
   2475.00  3.65e-20
   2490.00  1.18e-19
   2500.00  2.83e-20
   2530.00  3.65e-20
   2550.00  1.45e-20
   2600.00  1.90e-20
   2650.00  2.05e-20
   2700.00  3.13e-20
   2750.00  4.02e-20
   2800.00  5.54e-20
   2850.00  6.99e-20
   2900.00  8.18e-20
   2950.00  9.67e-20
   3000.00  1.17e-19
   3050.00  1.66e-19
   3100.00  1.76e-19
   3150.00  2.25e-19
   3200.00  2.54e-19
   3250.00  2.79e-19
   3300.00  2.99e-19
   3350.00  3.45e-19
   3400.00  3.88e-19
   3450.00  4.07e-19
   3500.00  4.10e-19
   3550.00  5.13e-19
   3600.00  4.51e-19
   3650.00  5.78e-19
   3700.00  5.42e-19
   3750.00  5.35e-19
   3800.00  5.99e-19
   3850.00  5.94e-19
   3900.00  6.00e-19
   3950.00  5.89e-19
   3980.00  6.40e-19
   4000.00  5.00e-21
   4010.00  1.00e-20
   4020.00  1.00e-20
   4030.00  3.00e-20
   4040.00  2.00e-20
   4050.00  5.00e-20
   4060.00  3.00e-20
   4070.00  1.00e-20
   4080.00  3.00e-20
   4090.00  5.00e-20
   4100.00  6.00e-20
   4110.00  5.00e-20
   4120.00  3.00e-20
   4130.00  7.00e-20
   4140.00  7.00e-20
   4150.00  6.00e-20
   4160.00  3.00e-20
   4170.00  4.00e-20
   4180.00  6.00e-20
   4190.00  9.00e-20
   4200.00  9.00e-20
   4210.00  9.00e-20
   4220.00  8.00e-20
   4230.00  1.00e-19
   4240.00  1.20e-19
   4250.00  1.30e-19
   4260.00  9.00e-20
   4270.00  8.00e-20
   4280.00  1.20e-19
   4290.00  1.20e-19
   4300.00  1.20e-19
   4310.00  1.50e-19
   4320.00  1.40e-19
   4330.00  1.50e-19
   4340.00  1.70e-19
   4350.00  2.10e-19
   4360.00  2.10e-19
   4370.00  1.80e-19
   4380.00  1.80e-19
   4390.00  2.10e-19
   4400.00  1.90e-19
   4410.00  1.90e-19
   4420.00  2.00e-19
   4430.00  1.90e-19
   4440.00  2.10e-19
   4450.00  2.30e-19
   4460.00  2.30e-19
   4470.00  2.50e-19
   4480.00  2.80e-19
   4490.00  2.80e-19
   4500.00  2.70e-19
   4510.00  2.80e-19
   4520.00  3.10e-19
   4530.00  3.20e-19
   4540.00  3.40e-19
   4550.00  3.50e-19
   4560.00  3.20e-19
   4570.00  3.40e-19
   4580.00  3.70e-19
   4590.00  3.90e-19
   4600.00  3.90e-19
   4610.00  3.60e-19
   4620.00  3.50e-19
   4630.00  3.80e-19
   4640.00  4.10e-19
   4650.00  4.50e-19
   4660.00  4.50e-19
   4670.00  4.80e-19
   4680.00  5.00e-19
   4690.00  5.20e-19
   4700.00  4.90e-19
   4710.00  5.00e-19
   4720.00  5.40e-19
   4730.00  5.50e-19
   4740.00  5.60e-19
   4750.00  5.90e-19
   4760.00  6.40e-19
   4770.00  6.80e-19
   4780.00  6.60e-19
   4790.00  6.40e-19
   4800.00  6.40e-19
   4810.00  6.50e-19
   4820.00  6.30e-19
   4830.00  6.10e-19
   4840.00  6.20e-19
   4850.00  6.60e-19
   4860.00  7.40e-19
   4870.00  8.00e-19
   4880.00  8.00e-19
   4890.00  8.60e-19
   4900.00  9.30e-19
   4910.00  9.20e-19
   4920.00  8.90e-19
   4930.00  8.90e-19
   4940.00  8.80e-19
   4950.00  9.10e-19
   4960.00  1.04e-18
   4970.00  1.12e-18
   4980.00  1.08e-18
   4990.00  1.03e-18
   5000.00  9.80e-19
   5010.00  9.40e-19
   5020.00  9.10e-19
   5030.00  9.50e-19
   5040.00  1.05e-18
   5050.00  1.16e-18
   5060.00  1.19e-18
   5070.00  1.14e-18
   5080.00  1.06e-18
   5090.00  1.12e-18
   5100.00  1.30e-18
   5110.00  1.51e-18
   5120.00  1.61e-18
   5130.00  1.51e-18
   5140.00  1.41e-18
   5150.00  1.40e-18
   5160.00  1.40e-18
   5170.00  1.30e-18
   5180.00  1.21e-18
   5190.00  1.28e-18
   5200.00  1.44e-18
   5210.00  1.58e-18
   5220.00  1.72e-18
   5230.00  1.66e-18
   5240.00  1.50e-18
   5250.00  1.38e-18
   5260.00  1.37e-18
   5270.00  1.51e-18
   5280.00  1.79e-18
   5290.00  2.10e-18
   5300.00  2.09e-18
   5310.00  1.91e-18
   5320.00  1.81e-18
   5330.00  1.73e-18
   5340.00  1.77e-18
   5350.00  2.02e-18
   5360.00  2.32e-18
   5370.00  2.38e-18
   5380.00  2.11e-18
   5390.00  1.88e-18
   5400.00  1.81e-18
   5410.00  1.68e-18
   5420.00  1.68e-18
   5430.00  1.43e-18
   5440.00  1.39e-18
   5450.00  1.62e-18
   5460.00  2.04e-18
   5470.00  2.56e-18
   5480.00  2.75e-18
   5490.00  2.49e-18
   5500.00  2.24e-18
   5510.00  2.14e-18
   5520.00  2.16e-18
   5530.00  2.22e-18
   5540.00  2.45e-18
   5550.00  2.78e-18
   5560.00  2.95e-18
   5570.00  3.00e-18
   5580.00  3.17e-18
   5590.00  3.43e-18
   5600.00  3.23e-18
   5610.00  2.85e-18
   5620.00  2.68e-18
   5630.00  2.59e-18
   5640.00  2.48e-18
   5650.00  2.47e-18
   5660.00  2.58e-18
   5670.00  2.55e-18
   5680.00  2.57e-18
   5690.00  2.63e-18
   5700.00  2.53e-18
   5710.00  2.51e-18
   5720.00  2.48e-18
   5730.00  2.47e-18
   5740.00  2.55e-18
   5750.00  2.70e-18
   5760.00  2.92e-18
   5770.00  3.05e-18
   5780.00  3.03e-18
   5790.00  2.94e-18
   5800.00  2.99e-18
   5810.00  3.20e-18
   5820.00  3.10e-18
   5830.00  2.68e-18
   5840.00  2.47e-18
   5850.00  2.46e-18
   5860.00  2.75e-18
   5870.00  3.48e-18
   5880.00  4.48e-18
   5890.00  5.52e-18
   5900.00  5.67e-18
   5910.00  5.19e-18
   5920.00  4.83e-18
   5930.00  4.32e-18
   5940.00  3.92e-18
   5950.00  3.91e-18
   5960.00  4.16e-18
   5970.00  4.09e-18
   5980.00  3.54e-18
   5990.00  2.89e-18
   6000.00  2.45e-18
   6010.00  2.45e-18
   6020.00  2.84e-18
   6030.00  3.39e-18
   6040.00  4.00e-18
   6050.00  4.18e-18
   6060.00  3.38e-18
   6070.00  2.32e-18
   6080.00  1.59e-18
   6090.00  1.33e-18
   6100.00  1.35e-18
   6110.00  1.43e-18
   6120.00  1.69e-18
   6130.00  2.17e-18
   6140.00  2.24e-18
   6150.00  1.99e-18
   6160.00  1.74e-18
   6170.00  1.67e-18
   6180.00  1.83e-18
   6190.00  2.02e-18
   6200.00  2.47e-18
   6210.00  3.98e-18
   6220.00  7.61e-18
   6230.00  1.20e-17
   6240.00  1.17e-17
   6250.00  8.65e-18
   6260.00  7.00e-18
   6270.00  6.90e-18
   6280.00  6.89e-18
   6290.00  6.70e-18
   6300.00  6.41e-18
   6310.00  5.02e-18
   6320.00  3.27e-18
   6330.00  1.99e-18
   6340.00  1.32e-18
   6350.00  1.06e-18
   6360.00  1.23e-18
   6370.00  1.64e-18
   6380.00  1.76e-18
   6390.00  1.34e-18
   6400.00  9.80e-19
   6410.00  7.80e-19
   6420.00  6.80e-19
   6430.00  6.90e-19
   6440.00  7.10e-19
   6450.00  6.70e-19
   6460.00  5.60e-19
   6470.00  4.90e-19
   6480.00  4.80e-19
   6490.00  3.70e-19
   6500.00  3.20e-19
   6510.00  3.30e-19
   6520.00  3.90e-19
   6530.00  4.70e-19
   6540.00  5.70e-19
   6550.00  6.90e-19
   6560.00  8.90e-19
   6570.00  1.18e-18
   6580.00  1.68e-18
   6590.00  2.76e-18
   6600.00  5.12e-18
   6610.00  1.02e-17
   6620.00  1.71e-17
   6630.00  1.70e-17
   6640.00  1.15e-17
   6650.00  7.35e-18
   6660.00  4.86e-18
   6670.00  2.97e-18
   6680.00  1.75e-18
   6690.00  1.07e-18
   6700.00  7.50e-19
   6710.00  6.00e-19
   6720.00  5.70e-19
   6730.00  4.70e-19
   6740.00  3.60e-19
   6750.00  3.00e-19
   6760.00  3.10e-19
   6770.00  4.00e-19
   6780.00  5.50e-19
   6790.00  5.90e-19
   6800.00  4.90e-19
   6810.00  3.50e-19
   6820.00  2.50e-19
   6830.00  1.60e-19
   6840.00  9.00e-20
   6850.00  5.00e-20
   6860.00  3.00e-20
   6870.00  2.00e-20
   6880.00  4.00e-20
   6890.00  2.00e-20
   6900.00  1.00e-20
   6910.00  5.00e-21
   6920.00  5.00e-21
   6930.00  1.00e-20
   6940.00  1.00e-20
   6950.00  2.00e-20
   6960.00  4.00e-20
   6970.00  4.00e-20
   6980.00  4.00e-20
   6990.00  4.00e-20
   7000.00  3.00e-20
   7010.00  2.00e-20
   7020.00  2.00e-20
   7030.00  1.00e-20
  90000.00  1.00e-35
  1
         4      0.00   5900.00 no3      no2do       26
 branching ratio:
 lambda=5820.-6320.a  magnotta, f. and johnston, h. s. (1980)
    geophys. res. letters 7, 769

      0.60  1.00e 00
   5800.00  1.00e 00
   5900.00  0.00e 00
  90000.00  0.00e 00
         0      0.00  90000.00 no3      nodo2       26
***
        29      0.00   2220.   cof2     cofdf       26
 cross section:
 lambda=0.61-625.80a  data from barfield et al. c+2*f+o

      0.61  6.96e-23
      1.12  6.70e-22
      2.44  5.27e-21
      6.15  7.86e-20
     12.57  5.57e-19
     24.62  4.36e-19
     62.09  1.61e-18
    121.70  7.23e-18
    248.60  2.15e-17
    625.80  4.49e-17
   1849.00  4.70e-20
   1860.00  5.50e-20
   1878.00  4.80e-20
   1896.00  4.20e-20
   1914.00  3.70e-20
   1932.00  3.10e-20
   1951.00  2.60e-20
   1970.00  2.10e-20
   1990.00  1.60e-20
   2010.00  1.30e-20
   2030.00  9.50e-21
   2051.00  6.90e-21
   2073.00  5.00e-21
   2094.00  3.40e-21
   2116.00  2.30e-21
   2139.00  1.50e-21
   2162.00  1.00e-21
   2186.00  6.00e-22
   2210.00  4.00e-22
  0
***
        35      0.00   8520.   clno2    cldno2      26
 actual dissociation wavelength lamda=8800.a
 cross section:
 lambda=1.-622.50a  sum of clno and o
 lambda=1850a-2600a  illies, a. j., and takacs, g. a. (1976)
    j. photochem. 6, 43
 lambda=2700a-3700a  nelson, h. h., and johnston, h. s. (1981)
    j. phys. chem. 85, 3891

      1.00  3.62e-21
      5.00  4.34e-20
     12.00  4.18e-19
     26.00  1.54e-18
     60.00  1.15e-18
    120.00  5.36e-18
    250.00  1.74e-17
    622.50  6.92e-17
   1850.00  4.74e-17
   1900.00  2.69e-17
   1950.00  1.13e-17
   1975.00  7.13e-18
   2000.00  4.55e-18
   2005.00  3.22e-18
   2100.00  3.39e-18
   2150.00  3.56e-18
   2200.00  3.42e-18
   2250.00  2.95e-18
   2300.00  2.36e-18
   2350.00  1.80e-18
   2400.00  1.40e-18
   2500.00  9.85e-19
   2600.00  6.37e-19
   2700.00  3.72e-19
   2800.00  2.23e-19
   2900.00  1.81e-19
   3000.00  1.55e-19
   3100.00  1.25e-19
   3200.00  8.70e-20
   3300.00  5.58e-20
   3400.00  3.33e-20
   3500.00  1.78e-20
   3600.00  1.14e-20
   3700.00  7.20e-21
   8520.00  1.00e-24
  0
***
        44      0.00  17000.   clono    cldno2      26
 dissociation wavelength lambda=17000.a
 cross section:
 lambda=1.-622.50a  sum of clno and o
 lambda=2350a-4000a  molina, l. a. and m. j. molina (1977)
    geophys. res. letters 4, 83

      1.00  3.62e-21
      5.00  4.34e-20
     12.00  4.18e-19
     26.00  1.54e-18
     60.00  1.15e-18
    120.00  5.36e-18
    250.00  1.74e-17
    622.50  6.92e-17
   2350.00  2.15e-18
   2400.00  1.76e-18
   2450.00  1.37e-18
   2500.00  1.06e-18
   2550.00  6.50e-19
   2600.00  6.46e-19
   2650.00  6.93e-19
   2700.00  9.03e-19
   2750.00  1.10e-18
   2800.00  1.32e-18
   2850.00  1.44e-18
   2900.00  1.44e-18
   2950.00  1.42e-18
   3000.00  1.29e-18
   3050.00  1.14e-18
   3100.00  1.05e-18
   3150.00  9.81e-19
   3200.00  8.03e-19
   3250.00  7.54e-19
   3300.00  5.87e-19
   3350.00  5.77e-19
   3400.00  4.37e-19
   3450.00  3.57e-19
   3500.00  2.69e-19
   3550.00  2.29e-19
   3600.00  1.61e-19
   3650.00  1.13e-19
   3700.00  9.00e-20
   3750.00  6.90e-20
   3800.00  4.10e-20
   3850.00  3.30e-20
   3900.00  2.20e-20
   3950.00  1.50e-20
   4000.00  6.00e-21
   7350.00  1.00e-24
  17000.00  1.00e-35
  0
***
        31      0.00   3160.   cofcl    cofdcl      26
 cross section:
 lambda=0.61-625.80a  data from barfield et al. c+cl+f+o

      0.61  4.47e-22
      1.12  3.78e-21
      2.44  2.56e-20
      6.15  7.60e-20
     12.57  5.36e-19
     24.62  1.30e-18
     62.09  1.38e-18
    121.70  5.59e-18
    248.60  1.54e-17
    625.80  6.74e-17
   1860.00  1.56e-19
   1878.00  1.40e-19
   1896.00  1.34e-19
   1914.00  1.29e-19
   1932.00  1.27e-19
   1951.00  1.25e-19
   1970.00  1.24e-19
   1990.00  1.23e-19
   2010.00  1.20e-19
   2030.00  1.17e-19
   2051.00  1.12e-19
   2073.00  1.05e-19
   2094.00  9.70e-20
   2116.00  9.00e-20
   2139.00  7.90e-20
   2162.00  6.90e-20
   2186.00  5.80e-20
   2210.00  4.80e-20
   2235.00  4.00e-20
   2260.00  3.10e-20
   3160.00  1.00e-24
  0
***
        24      0.00   3500.   clo3     clo2do      26
 cross section:
 lambda=1.-662.50a  sum of cloo and o

      1.00  3.62e-21
      5.00  4.34e-20
     12.00  4.81e-19
     26.00  1.54e-18
     60.00  1.15e-18
    120.00  5.36e-18
    250.00  1.74e-17
    622.50  6.92e-17
   2000.00  5.30e-18
   2100.00  5.00e-18
   2200.00  4.80e-18
   2300.00  4.30e-18
   2400.00  3.50e-18
   2500.00  3.70e-18
   2600.00  4.30e-18
   2700.00  4.50e-18
   2800.00  4.60e-18
   2900.00  4.30e-18
   3000.00  4.00e-18
   3100.00  3.20e-18
   3200.00  2.50e-18
   3300.00  1.80e-18
   3400.00  1.10e-18
   3500.00  7.60e-19
  0
***
        89      0.00   3690.   cocl2    cocldcl     26
 cross section:
 lambda=.61-625.80a  barfield et al. (c+o+2*cl)
 lambda=1170.-1600.a  okabe, h., laufer, a. h., and ball, j. j. (1971)
    j. chem. phys. 55, 373
 lambda=1849.-2260.a  demore, w. b. (1982)
    chemical kinetics and photochemical data for use in stratospheric
modeling:
    evaluation number 5, nasa-cr-169262.  data taken from chou, c. c.,
    crescentini, g., vera-ruiz, h., smith, w. s., and rowland, f. s.
    (1977), stratospheric photochemistry of cf2o, cclfo and ccl2o,
    173rd am. chem. soc. national meeting, new orleans.
 lambda=2300.-2900.a  moule, d. c. and foo, p. d. (1971)
    j. chem. phys. 55, 1262
 threshold and branching ratio:
    baulch, d. l., cox, r. a., crutzen, p. j., hampson, r. f., jr.,
    kerr, j. a., troe, j., and watson, r. t. (1982)
    j. phys. chem. ref. data 11, 327.

      0.61  8.24e-22
      1.24  6.89e-21
      2.44  4.59e-20
      6.15  7.34e-20
     12.57  5.14e-19
     24.62  2.17e-18
     62.09  1.16e-18
    121.70  3.96e-18
    248.60  9.27e-18
    625.80  8.99e-17
   1170.00  3.15e-17
   1180.00  2.80e-17
   1190.00  2.80e-17
   1200.00  3.25e-17
   1210.00  4.47e-17
   1220.00  8.12e-17
   1230.00  1.12e-16
   1240.00  7.31e-17
   1250.00  2.44e-17
   1260.00  2.31e-17
   1270.00  1.62e-17
   1280.00  2.07e-17
   1290.00  3.74e-17
   1300.00  4.14e-17
   1310.00  4.59e-17
   1320.00  5.28e-17
   1330.00  5.48e-17
   1340.00  4.87e-17
   1350.00  5.08e-17
   1360.00  3.65e-17
   1370.00  2.84e-17
   1380.00  1.02e-17
   1390.00  6.50e-18
   1400.00  7.31e-18
   1410.00  6.09e-18
   1420.00  8.12e-18
   1430.00  1.10e-17
   1440.00  1.34e-17
   1450.00  1.83e-17
   1460.00  2.76e-17
   1470.00  3.57e-17
   1480.00  3.86e-17
   1490.00  4.67e-17
   1500.00  4.67e-17
   1510.00  5.97e-17
   1520.00  7.31e-17
   1530.00  8.00e-17
   1540.00  8.04e-17
   1550.00  8.20e-17
   1560.00  7.11e-17
   1570.00  6.50e-17
   1580.00  5.48e-17
   1590.00  4.10e-17
   1600.00  3.98e-17
   1849.00  2.04e-18
   1860.00  1.89e-18
   1878.00  1.37e-18
   1896.00  1.17e-18
   1914.00  9.37e-19
   1932.00  6.97e-19
   1951.00  5.25e-19
   1970.00  4.10e-19
   1990.00  3.18e-19
   2010.00  2.50e-19
   2030.00  2.04e-19
   2051.00  1.69e-19
   2073.00  1.51e-19
   2094.00  1.34e-19
   2116.00  1.22e-19
   2139.00  1.17e-19
   2162.00  1.16e-19
   2186.00  1.19e-19
   2210.00  1.23e-19
   2235.00  1.28e-19
   2260.00  1.32e-19
   2300.00  1.18e-19
   2350.00  1.14e-19
   2400.00  1.06e-19
   2450.00  9.14e-20
   2500.00  7.51e-20
   2550.00  5.68e-20
   2600.00  4.06e-20
   2650.00  2.84e-20
   2700.00  1.83e-20
   2750.00  1.22e-20
   2800.00  8.12e-21
   2850.00  6.09e-21
   2900.00  4.06e-21
   3690.00  1.00e-24
  0
***
