       233      0.00   2299.43 Li       Li^+         2
        
      0.10  3.09E-28
     10.00  1.32E-21
     20.00  1.10E-20
     30.00  3.65E-20
     40.00  8.34E-20
     50.00  1.56E-19
     60.00  2.56E-19
     70.00  3.85E-19
     80.00  5.43E-19
     90.00  7.30E-19
    100.00  9.43E-19
    110.00  1.18E-18
    120.00  1.44E-18
    130.00  1.71E-18
    140.00  2.00E-18
    150.00  2.29E-18
    160.00  2.59E-18
    170.00  2.88E-18
    180.00  3.17E-18
    190.00  3.44E-18
    192.55  3.51E-18
    192.56  5.19E-20
    200.00  5.65E-20
    210.00  6.31E-20
    220.00  7.00E-20
    230.00  7.72E-20
    240.00  8.47E-20
    250.00  9.26E-20
    260.00  1.01E-19
    270.00  1.09E-19
    280.00  1.18E-19
    290.00  1.27E-19
    300.00  1.36E-19
    310.00  1.46E-19
    320.00  1.56E-19
    330.00  1.66E-19
    340.00  1.76E-19
    350.00  1.87E-19
    360.00  1.97E-19
    370.00  2.08E-19
    380.00  2.20E-19
    390.00  2.31E-19
    400.00  2.43E-19
    410.00  2.54E-19
    420.00  2.66E-19
    430.00  2.78E-19
    440.00  2.91E-19
    450.00  3.03E-19
    460.00  3.16E-19
    470.00  3.29E-19
    480.00  3.42E-19
    490.00  3.55E-19
    500.00  3.68E-19
    510.00  3.81E-19
    520.00  3.94E-19
    530.00  4.08E-19
    540.00  4.22E-19
    550.00  4.35E-19
    560.00  4.49E-19
    570.00  4.63E-19
    580.00  4.77E-19
    590.00  4.91E-19
    600.00  5.05E-19
    610.00  5.19E-19
    620.00  5.33E-19
    630.00  5.48E-19
    640.00  5.62E-19
    650.00  5.76E-19
    660.00  5.91E-19
    670.00  6.05E-19
    680.00  6.19E-19
    690.00  6.34E-19
    700.00  6.48E-19
    710.00  6.63E-19
    720.00  6.77E-19
    730.00  6.92E-19
    740.00  7.06E-19
    750.00  7.20E-19
    760.00  7.35E-19
    770.00  7.49E-19
    780.00  7.64E-19
    790.00  7.78E-19
    800.00  7.92E-19
    810.00  8.07E-19
    820.00  8.21E-19
    830.00  8.35E-19
    840.00  8.49E-19
    850.00  8.64E-19
    860.00  8.78E-19
    870.00  8.92E-19
    880.00  9.06E-19
    890.00  9.20E-19
    900.00  9.33E-19
    910.00  9.47E-19
    920.00  9.61E-19
    930.00  9.74E-19
    940.00  9.88E-19
    950.00  1.00E-18
    960.00  1.01E-18
    970.00  1.03E-18
    980.00  1.04E-18
    990.00  1.05E-18
   1000.00  1.07E-18
   1010.00  1.08E-18
   1020.00  1.09E-18
   1030.00  1.11E-18
   1040.00  1.12E-18
   1050.00  1.13E-18
   1060.00  1.14E-18
   1070.00  1.16E-18
   1080.00  1.17E-18
   1090.00  1.18E-18
   1100.00  1.19E-18
   1110.00  1.20E-18
   1120.00  1.22E-18
   1130.00  1.23E-18
   1140.00  1.24E-18
   1150.00  1.25E-18
   1160.00  1.26E-18
   1170.00  1.27E-18
   1180.00  1.28E-18
   1190.00  1.29E-18
   1200.00  1.30E-18
   1210.00  1.32E-18
   1220.00  1.33E-18
   1230.00  1.34E-18
   1240.00  1.35E-18
   1250.00  1.36E-18
   1260.00  1.37E-18
   1270.00  1.38E-18
   1280.00  1.39E-18
   1290.00  1.39E-18
   1300.00  1.40E-18
   1310.00  1.41E-18
   1320.00  1.42E-18
   1330.00  1.43E-18
   1340.00  1.44E-18
   1350.00  1.45E-18
   1360.00  1.46E-18
   1370.00  1.46E-18
   1380.00  1.47E-18
   1390.00  1.48E-18
   1400.00  1.49E-18
   1410.00  1.50E-18
   1420.00  1.50E-18
   1430.00  1.51E-18
   1440.00  1.52E-18
   1450.00  1.52E-18
   1460.00  1.53E-18
   1470.00  1.54E-18
   1480.00  1.54E-18
   1490.00  1.55E-18
   1500.00  1.56E-18
   1510.00  1.56E-18
   1520.00  1.57E-18
   1530.00  1.57E-18
   1540.00  1.58E-18
   1550.00  1.58E-18
   1560.00  1.59E-18
   1570.00  1.59E-18
   1580.00  1.60E-18
   1590.00  1.60E-18
   1600.00  1.61E-18
   1610.00  1.61E-18
   1620.00  1.61E-18
   1630.00  1.62E-18
   1640.00  1.62E-18
   1650.00  1.63E-18
   1660.00  1.63E-18
   1670.00  1.63E-18
   1680.00  1.63E-18
   1690.00  1.64E-18
   1700.00  1.64E-18
   1710.00  1.64E-18
   1720.00  1.64E-18
   1730.00  1.65E-18
   1740.00  1.65E-18
   1750.00  1.65E-18
   1760.00  1.65E-18
   1770.00  1.65E-18
   1780.00  1.65E-18
   1790.00  1.66E-18
   1800.00  1.66E-18
   1810.00  1.66E-18
   1820.00  1.66E-18
   1830.00  1.66E-18
   1840.00  1.66E-18
   1850.00  1.66E-18
   1860.00  1.66E-18
   1870.00  1.66E-18
   1880.00  1.66E-18
   1890.00  1.66E-18
   1900.00  1.66E-18
   1910.00  1.66E-18
   1920.00  1.65E-18
   1930.00  1.65E-18
   1940.00  1.65E-18
   1950.00  1.65E-18
   1960.00  1.65E-18
   1970.00  1.65E-18
   1980.00  1.64E-18
   1990.00  1.64E-18
   2000.00  1.64E-18
   2010.00  1.64E-18
   2020.00  1.63E-18
   2030.00  1.63E-18
   2040.00  1.63E-18
   2050.00  1.63E-18
   2060.00  1.62E-18
   2070.00  1.62E-18
   2080.00  1.61E-18
   2090.00  1.61E-18
   2100.00  1.61E-18
   2110.00  1.60E-18
   2120.00  1.60E-18
   2130.00  1.59E-18
   2140.00  1.59E-18
   2150.00  1.59E-18
   2160.00  1.58E-18
   2170.00  1.58E-18
   2180.00  1.57E-18
   2190.00  1.56E-18
   2200.00  1.56E-18
   2210.00  1.55E-18
   2220.00  1.55E-18
   2230.00  1.54E-18
   2240.00  1.54E-18
   2250.00  1.53E-18
   2260.00  1.52E-18
   2270.00  1.52E-18
   2280.00  1.51E-18
   2290.00  1.50E-18
   2299.43  1.50E-18
  0
***
       136      0.00   1329.89 Be       Be^+         2
        
      0.10  1.72E-27
     10.00  4.73E-21
     20.00  3.60E-20
     30.00  1.13E-19
     40.00  2.46E-19
     50.00  4.40E-19
     60.00  6.94E-19
     70.00  1.00E-18
     80.00  1.36E-18
     90.00  1.75E-18
    100.00  2.17E-18
    103.93  2.34E-18
    103.94  7.09E-20
    110.00  8.17E-20
    120.00  1.01E-19
    130.00  1.23E-19
    140.00  1.46E-19
    150.00  1.71E-19
    160.00  1.98E-19
    170.00  2.26E-19
    180.00  2.56E-19
    190.00  2.88E-19
    200.00  3.20E-19
    210.00  3.54E-19
    220.00  3.89E-19
    230.00  4.24E-19
    240.00  4.61E-19
    250.00  4.98E-19
    260.00  5.35E-19
    270.00  5.73E-19
    280.00  6.11E-19
    290.00  6.49E-19
    300.00  6.87E-19
    310.00  7.26E-19
    320.00  7.64E-19
    330.00  8.02E-19
    340.00  8.39E-19
    350.00  8.76E-19
    360.00  9.13E-19
    370.00  9.49E-19
    380.00  9.85E-19
    390.00  1.02E-18
    400.00  1.05E-18
    410.00  1.09E-18
    420.00  1.12E-18
    430.00  1.15E-18
    440.00  1.18E-18
    450.00  1.21E-18
    460.00  1.24E-18
    470.00  1.27E-18
    480.00  1.29E-18
    490.00  1.32E-18
    500.00  1.35E-18
    510.00  1.37E-18
    520.00  1.39E-18
    530.00  1.41E-18
    540.00  1.43E-18
    550.00  1.45E-18
    560.00  1.47E-18
    570.00  1.48E-18
    580.00  1.50E-18
    590.00  1.51E-18
    600.00  1.53E-18
    610.00  1.54E-18
    620.00  1.55E-18
    630.00  1.56E-18
    640.00  1.57E-18
    650.00  1.58E-18
    660.00  1.58E-18
    670.00  1.59E-18
    680.00  1.60E-18
    690.00  1.60E-18
    700.00  1.60E-18
    710.00  1.60E-18
    720.00  1.61E-18
    730.00  1.61E-18
    740.00  1.61E-18
    750.00  1.61E-18
    760.00  1.61E-18
    770.00  1.60E-18
    780.00  1.60E-18
    790.00  1.60E-18
    800.00  1.60E-18
    810.00  1.59E-18
    820.00  1.59E-18
    830.00  1.59E-18
    840.00  1.58E-18
    850.00  1.58E-18
    860.00  1.57E-18
    870.00  1.57E-18
    880.00  1.56E-18
    890.00  1.56E-18
    900.00  1.55E-18
    910.00  1.55E-18
    920.00  1.55E-18
    930.00  1.54E-18
    940.00  1.54E-18
    950.00  1.54E-18
    960.00  1.54E-18
    970.00  1.54E-18
    980.00  1.54E-18
    990.00  1.54E-18
   1000.00  1.54E-18
   1010.00  1.54E-18
   1020.00  1.54E-18
   1030.00  1.55E-18
   1040.00  1.55E-18
   1050.00  1.56E-18
   1060.00  1.56E-18
   1070.00  1.57E-18
   1080.00  1.58E-18
   1090.00  1.59E-18
   1100.00  1.61E-18
   1110.00  1.62E-18
   1120.00  1.64E-18
   1130.00  1.66E-18
   1140.00  1.68E-18
   1150.00  1.70E-18
   1160.00  1.72E-18
   1170.00  1.75E-18
   1180.00  1.78E-18
   1190.00  1.81E-18
   1200.00  1.84E-18
   1210.00  1.87E-18
   1220.00  1.91E-18
   1230.00  1.95E-18
   1240.00  1.99E-18
   1250.00  2.04E-18
   1260.00  2.09E-18
   1270.00  2.14E-18
   1280.00  2.19E-18
   1290.00  2.25E-18
   1300.00  2.31E-18
   1310.00  2.37E-18
   1320.00  2.43E-18
   1329.89  2.50E-18
  0
***
       155      0.00   1494.16  B        B^+         2
        
      0.10  4.60E-27
     10.00  1.17E-20
     20.00  8.41E-20
     30.00  2.50E-19
     40.00  5.16E-19
     50.00  8.74E-19
     60.00  1.30E-18
     63.91  1.48E-18
     63.92  6.23E-20
     70.00  7.76E-20
     80.00  1.06E-19
     90.00  1.39E-19
    100.00  1.76E-19
    110.00  2.17E-19
    120.00  2.61E-19
    130.00  3.09E-19
    140.00  3.60E-19
    150.00  4.13E-19
    160.00  4.69E-19
    170.00  5.28E-19
    180.00  5.88E-19
    190.00  6.51E-19
    200.00  7.15E-19
    210.00  7.81E-19
    220.00  8.48E-19
    230.00  9.17E-19
    240.00  9.87E-19
    250.00  1.06E-18
    260.00  1.13E-18
    270.00  1.20E-18
    280.00  1.28E-18
    290.00  1.35E-18
    300.00  1.43E-18
    310.00  1.50E-18
    320.00  1.58E-18
    330.00  1.65E-18
    340.00  1.73E-18
    350.00  1.81E-18
    360.00  1.89E-18
    370.00  1.97E-18
    380.00  2.04E-18
    390.00  2.12E-18
    400.00  2.20E-18
    410.00  2.28E-18
    420.00  2.36E-18
    430.00  2.45E-18
    440.00  2.53E-18
    450.00  2.61E-18
    460.00  2.69E-18
    470.00  2.78E-18
    480.00  2.86E-18
    490.00  2.94E-18
    500.00  3.03E-18
    510.00  3.11E-18
    520.00  3.20E-18
    530.00  3.29E-18
    540.00  3.38E-18
    550.00  3.47E-18
    560.00  3.56E-18
    570.00  3.65E-18
    580.00  3.74E-18
    590.00  3.83E-18
    600.00  3.93E-18
    610.00  4.02E-18
    620.00  4.12E-18
    630.00  4.21E-18
    640.00  4.31E-18
    650.00  4.41E-18
    660.00  4.52E-18
    670.00  4.62E-18
    680.00  4.72E-18
    690.00  4.83E-18
    700.00  4.94E-18
    710.00  5.05E-18
    720.00  5.16E-18
    730.00  5.27E-18
    740.00  5.38E-18
    750.00  5.50E-18
    760.00  5.62E-18
    770.00  5.74E-18
    780.00  5.86E-18
    790.00  5.98E-18
    800.00  6.11E-18
    810.00  6.24E-18
    820.00  6.37E-18
    830.00  6.50E-18
    840.00  6.63E-18
    850.00  6.77E-18
    860.00  6.90E-18
    870.00  7.04E-18
    880.00  7.18E-18
    882.46  7.22E-18
    882.47  7.22E-18
    890.00  7.33E-18
    900.00  7.47E-18
    910.00  7.62E-18
    920.00  7.77E-18
    930.00  7.92E-18
    940.00  8.07E-18
    950.00  8.22E-18
    960.00  8.38E-18
    970.00  8.54E-18
    980.00  8.70E-18
    990.00  8.86E-18
   1000.00  9.02E-18
   1010.00  9.19E-18
   1020.00  9.35E-18
   1030.00  9.52E-18
   1040.00  9.69E-18
   1050.00  9.86E-18
   1060.00  1.00E-17
   1070.00  1.02E-17
   1080.00  1.04E-17
   1090.00  1.05E-17
   1100.00  1.07E-17
   1110.00  1.09E-17
   1120.00  1.11E-17
   1130.00  1.12E-17
   1140.00  1.14E-17
   1150.00  1.16E-17
   1160.00  1.18E-17
   1170.00  1.19E-17
   1180.00  1.21E-17
   1190.00  1.23E-17
   1200.00  1.25E-17
   1210.00  1.26E-17
   1220.00  1.28E-17
   1230.00  1.30E-17
   1240.00  1.32E-17
   1250.00  1.33E-17
   1260.00  1.35E-17
   1270.00  1.37E-17
   1280.00  1.38E-17
   1290.00  1.40E-17
   1300.00  1.41E-17
   1310.00  1.43E-17
   1320.00  1.45E-17
   1330.00  1.46E-17
   1340.00  1.48E-17
   1350.00  1.49E-17
   1360.00  1.50E-17
   1370.00  1.52E-17
   1380.00  1.53E-17
   1390.00  1.55E-17
   1400.00  1.56E-17
   1410.00  1.57E-17
   1420.00  1.58E-17
   1430.00  1.60E-17
   1440.00  1.61E-17
   1450.00  1.62E-17
   1460.00  1.63E-17
   1470.00  1.64E-17
   1480.00  1.65E-17
   1490.00  1.66E-17
   1494.16  1.67E-17
  0
***
        63      0.00    575.07 Ne       Ne^+         2
        
      0.10  1.68E-25
     10.00  1.44E-19
     14.25  3.17E-19
     14.26  2.15E-20
     20.00  5.54E-20
     30.00  1.63E-19
     40.00  3.38E-19
     50.00  5.79E-19
     60.00  8.80E-19
     70.00  1.24E-18
     80.00  1.64E-18
     90.00  2.07E-18
    100.00  2.54E-18
    110.00  3.02E-18
    120.00  3.51E-18
    130.00  4.01E-18
    140.00  4.50E-18
    150.00  4.99E-18
    160.00  5.46E-18
    170.00  5.91E-18
    180.00  6.34E-18
    190.00  6.74E-18
    200.00  7.11E-18
    210.00  7.46E-18
    220.00  7.78E-18
    230.00  8.06E-18
    240.00  8.32E-18
    250.00  8.54E-18
    255.80  8.66E-18
    255.81  8.66E-18
    260.00  8.74E-18
    270.00  8.90E-18
    280.00  9.04E-18
    290.00  9.15E-18
    300.00  9.23E-18
    310.00  9.29E-18
    320.00  9.33E-18
    330.00  9.35E-18
    340.00  9.34E-18
    350.00  9.32E-18
    360.00  9.28E-18
    370.00  9.23E-18
    380.00  9.16E-18
    390.00  9.08E-18
    400.00  8.99E-18
    410.00  8.89E-18
    420.00  8.78E-18
    430.00  8.66E-18
    440.00  8.53E-18
    450.00  8.40E-18
    460.00  8.26E-18
    470.00  8.12E-18
    480.00  7.98E-18
    490.00  7.83E-18
    500.00  7.68E-18
    510.00  7.53E-18
    520.00  7.38E-18
    530.00  7.23E-18
    540.00  7.07E-18
    550.00  6.92E-18
    560.00  6.77E-18
    570.00  6.62E-18
    575.07  6.54E-18
  0
***
       170      0.00   1621.57 Mg       Mg^+         2
        
      0.10  1.55E-24
      9.46  2.23E-19
      9.47  2.03E-20
     10.00  2.33E-20
     20.00  1.32E-19
     30.00  3.59E-19
     40.00  7.18E-19
     50.00  1.21E-18
     60.00  1.82E-18
     70.00  2.54E-18
     80.00  3.32E-18
     90.00  4.13E-18
    100.00  4.94E-18
    110.00  5.69E-18
    120.00  6.34E-18
    130.00  6.84E-18
    131.90  6.92E-18
    131.91  6.35E-18
    140.00  6.61E-18
    150.00  6.76E-18
    160.00  6.68E-18
    170.00  6.38E-18
    180.00  5.85E-18
    190.00  5.12E-18
    200.00  4.22E-18
    210.00  3.21E-18
    220.00  2.18E-18
    225.84  1.61E-18
    225.85  1.31E-19
    230.00  1.35E-19
    240.00  1.44E-19
    250.00  1.52E-19
    260.00  1.61E-19
    270.00  1.69E-19
    280.00  1.77E-19
    290.00  1.85E-19
    300.00  1.92E-19
    310.00  1.99E-19
    320.00  2.06E-19
    330.00  2.12E-19
    340.00  2.18E-19
    350.00  2.24E-19
    360.00  2.29E-19
    370.00  2.34E-19
    380.00  2.38E-19
    390.00  2.42E-19
    400.00  2.46E-19
    410.00  2.49E-19
    420.00  2.52E-19
    430.00  2.54E-19
    440.00  2.56E-19
    450.00  2.58E-19
    460.00  2.59E-19
    470.00  2.60E-19
    480.00  2.60E-19
    490.00  2.61E-19
    500.00  2.60E-19
    510.00  2.60E-19
    520.00  2.59E-19
    530.00  2.58E-19
    540.00  2.57E-19
    550.00  2.55E-19
    560.00  2.53E-19
    570.00  2.51E-19
    580.00  2.49E-19
    590.00  2.46E-19
    600.00  2.43E-19
    610.00  2.40E-19
    620.00  2.37E-19
    630.00  2.34E-19
    640.00  2.30E-19
    650.00  2.27E-19
    660.00  2.23E-19
    670.00  2.19E-19
    680.00  2.16E-19
    690.00  2.12E-19
    700.00  2.08E-19
    710.00  2.04E-19
    720.00  2.00E-19
    730.00  1.96E-19
    740.00  1.93E-19
    750.00  1.89E-19
    760.00  1.85E-19
    770.00  1.82E-19
    780.00  1.78E-19
    790.00  1.75E-19
    800.00  1.72E-19
    810.00  1.69E-19
    820.00  1.66E-19
    830.00  1.64E-19
    840.00  1.61E-19
    850.00  1.59E-19
    860.00  1.57E-19
    870.00  1.56E-19
    880.00  1.54E-19
    890.00  1.53E-19
    900.00  1.53E-19
    910.00  1.52E-19
    920.00  1.52E-19
    930.00  1.52E-19
    940.00  1.53E-19
    950.00  1.54E-19
    960.00  1.56E-19
    970.00  1.58E-19
    980.00  1.60E-19
    990.00  1.63E-19
   1000.00  1.66E-19
   1010.00  1.70E-19
   1020.00  1.74E-19
   1030.00  1.78E-19
   1040.00  1.84E-19
   1050.00  1.89E-19
   1060.00  1.95E-19
   1070.00  2.02E-19
   1080.00  2.10E-19
   1090.00  2.17E-19
   1100.00  2.26E-19
   1110.00  2.35E-19
   1120.00  2.45E-19
   1130.00  2.55E-19
   1140.00  2.66E-19
   1150.00  2.77E-19
   1160.00  2.89E-19
   1170.00  3.02E-19
   1180.00  3.16E-19
   1190.00  3.30E-19
   1200.00  3.45E-19
   1210.00  3.60E-19
   1220.00  3.76E-19
   1230.00  3.93E-19
   1240.00  4.11E-19
   1250.00  4.29E-19
   1260.00  4.48E-19
   1270.00  4.68E-19
   1280.00  4.88E-19
   1290.00  5.10E-19
   1300.00  5.32E-19
   1310.00  5.54E-19
   1320.00  5.78E-19
   1330.00  6.02E-19
   1340.00  6.27E-19
   1350.00  6.53E-19
   1360.00  6.80E-19
   1370.00  7.07E-19
   1380.00  7.36E-19
   1390.00  7.65E-19
   1400.00  7.95E-19
   1410.00  8.25E-19
   1420.00  8.57E-19
   1430.00  8.89E-19
   1440.00  9.23E-19
   1450.00  9.57E-19
   1460.00  9.92E-19
   1470.00  1.03E-18
   1480.00  1.06E-18
   1490.00  1.10E-18
   1500.00  1.14E-18
   1510.00  1.18E-18
   1520.00  1.22E-18
   1530.00  1.26E-18
   1540.00  1.30E-18
   1550.00  1.34E-18
   1560.00  1.39E-18
   1570.00  1.43E-18
   1580.00  1.48E-18
   1590.00  1.52E-18
   1600.00  1.57E-18
   1610.00  1.62E-18
   1620.00  1.67E-18
   1621.57  0.00E+00
  0
***
       217      0.00   2071.25 Al       Al^+         2
        
      0.10  4.25E-25
      7.91  1.82E-19
      7.92  1.67E-20
     10.00  3.06E-20
     20.00  1.81E-19
     30.00  5.02E-19
     40.00  1.01E-18
     50.00  1.68E-18
     60.00  2.49E-18
     70.00  3.37E-18
     80.00  4.25E-18
     90.00  5.04E-18
     98.71  5.60E-18
     98.72  5.06E-18
    100.00  5.13E-18
    110.00  5.51E-18
    120.00  5.61E-18
    130.00  5.39E-18
    140.00  4.84E-18
    150.00  4.00E-18
    154.21  3.58E-18
    154.22  2.16E-19
    160.00  2.27E-19
    170.00  2.46E-19
    180.00  2.65E-19
    190.00  2.84E-19
    200.00  3.02E-19
    210.00  3.20E-19
    220.00  3.37E-19
    230.00  3.53E-19
    240.00  3.69E-19
    250.00  3.84E-19
    260.00  3.98E-19
    270.00  4.12E-19
    280.00  4.24E-19
    290.00  4.36E-19
    300.00  4.46E-19
    310.00  4.55E-19
    320.00  4.64E-19
    330.00  4.71E-19
    340.00  4.77E-19
    350.00  4.82E-19
    360.00  4.87E-19
    370.00  4.90E-19
    380.00  4.92E-19
    390.00  4.93E-19
    400.00  4.92E-19
    410.00  4.91E-19
    420.00  4.89E-19
    430.00  4.87E-19
    440.00  4.83E-19
    450.00  4.78E-19
    460.00  4.73E-19
    470.00  4.67E-19
    480.00  4.61E-19
    490.00  4.54E-19
    500.00  4.46E-19
    510.00  4.39E-19
    520.00  4.31E-19
    530.00  4.23E-19
    540.00  4.14E-19
    550.00  4.06E-19
    560.00  3.98E-19
    570.00  3.91E-19
    580.00  3.84E-19
    590.00  3.77E-19
    600.00  3.71E-19
    610.00  3.66E-19
    620.00  3.62E-19
    630.00  3.58E-19
    640.00  3.56E-19
    650.00  3.56E-19
    660.00  3.57E-19
    670.00  3.60E-19
    680.00  3.64E-19
    690.00  3.71E-19
    700.00  3.80E-19
    710.00  3.91E-19
    720.00  4.04E-19
    730.00  4.20E-19
    740.00  4.39E-19
    750.00  4.61E-19
    760.00  4.86E-19
    770.00  5.15E-19
    780.00  5.47E-19
    790.00  5.82E-19
    800.00  6.22E-19
    810.00  6.65E-19
    820.00  7.12E-19
    830.00  7.64E-19
    840.00  8.20E-19
    850.00  8.80E-19
    860.00  9.46E-19
    870.00  1.02E-18
    880.00  1.09E-18
    890.00  1.17E-18
    900.00  1.26E-18
    910.00  1.35E-18
    920.00  1.45E-18
    930.00  1.55E-18
    940.00  1.66E-18
    950.00  1.77E-18
    960.00  1.89E-18
    970.00  2.02E-18
    980.00  2.15E-18
    990.00  2.29E-18
   1000.00  2.43E-18
   1010.00  2.59E-18
   1020.00  2.74E-18
   1030.00  2.91E-18
   1040.00  3.08E-18
   1050.00  3.26E-18
   1060.00  3.45E-18
   1070.00  3.64E-18
   1080.00  3.84E-18
   1090.00  4.05E-18
   1094.31  4.14E-18
   1094.32  4.14E-18
   1100.00  4.26E-18
   1110.00  4.48E-18
   1120.00  4.71E-18
   1130.00  4.94E-18
   1140.00  5.19E-18
   1150.00  5.44E-18
   1160.00  5.69E-18
   1170.00  5.96E-18
   1180.00  6.23E-18
   1190.00  6.51E-18
   1200.00  6.79E-18
   1210.00  7.09E-18
   1220.00  7.39E-18
   1230.00  7.70E-18
   1240.00  8.01E-18
   1250.00  8.33E-18
   1260.00  8.66E-18
   1270.00  8.99E-18
   1280.00  9.34E-18
   1290.00  9.69E-18
   1300.00  1.00E-17
   1310.00  1.04E-17
   1320.00  1.08E-17
   1330.00  1.11E-17
   1340.00  1.15E-17
   1350.00  1.19E-17
   1360.00  1.23E-17
   1370.00  1.27E-17
   1380.00  1.31E-17
   1390.00  1.35E-17
   1400.00  1.40E-17
   1410.00  1.44E-17
   1420.00  1.48E-17
   1430.00  1.52E-17
   1440.00  1.57E-17
   1450.00  1.61E-17
   1460.00  1.66E-17
   1470.00  1.70E-17
   1480.00  1.75E-17
   1490.00  1.80E-17
   1500.00  1.84E-17
   1510.00  1.89E-17
   1520.00  1.94E-17
   1530.00  1.99E-17
   1540.00  2.04E-17
   1550.00  2.09E-17
   1560.00  2.14E-17
   1570.00  2.19E-17
   1580.00  2.24E-17
   1590.00  2.29E-17
   1600.00  2.34E-17
   1610.00  2.39E-17
   1620.00  2.44E-17
   1630.00  2.49E-17
   1640.00  2.54E-17
   1650.00  2.60E-17
   1660.00  2.65E-17
   1670.00  2.70E-17
   1680.00  2.76E-17
   1690.00  2.81E-17
   1700.00  2.86E-17
   1710.00  2.92E-17
   1720.00  2.97E-17
   1730.00  3.03E-17
   1740.00  3.08E-17
   1750.00  3.14E-17
   1760.00  3.19E-17
   1770.00  3.25E-17
   1780.00  3.30E-17
   1790.00  3.36E-17
   1800.00  3.41E-17
   1810.00  3.47E-17
   1820.00  3.52E-17
   1830.00  3.58E-17
   1840.00  3.63E-17
   1850.00  3.69E-17
   1860.00  3.75E-17
   1870.00  3.80E-17
   1880.00  3.86E-17
   1890.00  3.91E-17
   1900.00  3.97E-17
   1910.00  4.02E-17
   1920.00  4.08E-17
   1930.00  4.14E-17
   1940.00  4.19E-17
   1950.00  4.25E-17
   1960.00  4.30E-17
   1970.00  4.36E-17
   1980.00  4.41E-17
   1990.00  4.47E-17
   2000.00  4.52E-17
   2010.00  4.58E-17
   2020.00  4.63E-17
   2030.00  4.69E-17
   2040.00  4.74E-17
   2050.00  4.80E-17
   2060.00  4.85E-17
   2070.00  4.91E-17
   2071.25  0.00E+00
  0
***
       162      0.00   1520.92 Si       Si^+         2
        
      0.10  6.52E-25
      6.72  1.50E-19
      6.73  1.44E-20
     10.00  4.08E-20
     20.00  2.46E-19
     30.00  6.81E-19
     40.00  1.35E-18
     50.00  2.21E-18
     60.00  3.17E-18
     70.00  4.10E-18
     79.48  4.85E-18
     79.49  4.37E-18
     80.00  4.40E-18
     90.00  4.90E-18
    100.00  5.04E-18
    110.00  4.75E-18
    116.97  4.30E-18
    116.98  2.78E-19
    120.00  2.90E-19
    130.00  3.32E-19
    140.00  3.73E-19
    150.00  4.13E-19
    160.00  4.52E-19
    170.00  4.89E-19
    180.00  5.25E-19
    190.00  5.58E-19
    200.00  5.89E-19
    210.00  6.17E-19
    220.00  6.41E-19
    230.00  6.63E-19
    240.00  6.81E-19
    250.00  6.96E-19
    260.00  7.07E-19
    270.00  7.16E-19
    280.00  7.21E-19
    290.00  7.22E-19
    300.00  7.21E-19
    310.00  7.17E-19
    320.00  7.11E-19
    330.00  7.02E-19
    340.00  6.91E-19
    350.00  6.79E-19
    360.00  6.66E-19
    370.00  6.51E-19
    380.00  6.37E-19
    390.00  6.22E-19
    400.00  6.07E-19
    410.00  5.94E-19
    420.00  5.82E-19
    430.00  5.72E-19
    440.00  5.64E-19
    450.00  5.60E-19
    460.00  5.58E-19
    470.00  5.61E-19
    480.00  5.69E-19
    490.00  5.81E-19
    500.00  5.99E-19
    510.00  6.23E-19
    520.00  6.54E-19
    530.00  6.93E-19
    540.00  7.39E-19
    550.00  7.93E-19
    560.00  8.56E-19
    570.00  9.29E-19
    580.00  1.01E-18
    590.00  1.10E-18
    600.00  1.21E-18
    610.00  1.32E-18
    620.00  1.45E-18
    630.00  1.58E-18
    640.00  1.73E-18
    650.00  1.90E-18
    660.00  2.07E-18
    670.00  2.26E-18
    680.00  2.47E-18
    690.00  2.68E-18
    700.00  2.92E-18
    710.00  3.16E-18
    720.00  3.42E-18
    730.00  3.70E-18
    740.00  3.99E-18
    750.00  4.30E-18
    760.00  4.62E-18
    770.00  4.96E-18
    780.00  5.32E-18
    790.00  5.69E-18
    800.00  6.08E-18
    810.00  6.48E-18
    817.31  6.78E-18
    817.32  6.79E-18
    820.00  6.90E-18
    830.00  7.34E-18
    840.00  7.79E-18
    850.00  8.26E-18
    860.00  8.74E-18
    870.00  9.25E-18
    880.00  9.77E-18
    890.00  1.03E-17
    900.00  1.09E-17
    910.00  1.14E-17
    920.00  1.20E-17
    930.00  1.26E-17
    940.00  1.32E-17
    950.00  1.38E-17
    960.00  1.45E-17
    970.00  1.52E-17
    980.00  1.58E-17
    990.00  1.65E-17
   1000.00  1.72E-17
   1010.00  1.80E-17
   1020.00  1.87E-17
   1030.00  1.94E-17
   1040.00  2.02E-17
   1050.00  2.10E-17
   1060.00  2.18E-17
   1070.00  2.26E-17
   1080.00  2.34E-17
   1090.00  2.42E-17
   1100.00  2.51E-17
   1110.00  2.60E-17
   1120.00  2.68E-17
   1130.00  2.77E-17
   1140.00  2.86E-17
   1150.00  2.95E-17
   1160.00  3.04E-17
   1170.00  3.14E-17
   1180.00  3.23E-17
   1190.00  3.32E-17
   1200.00  3.42E-17
   1210.00  3.52E-17
   1220.00  3.61E-17
   1230.00  3.71E-17
   1240.00  3.81E-17
   1250.00  3.91E-17
   1260.00  4.02E-17
   1270.00  4.12E-17
   1280.00  4.22E-17
   1290.00  4.33E-17
   1300.00  4.43E-17
   1310.00  4.54E-17
   1320.00  4.64E-17
   1330.00  4.75E-17
   1340.00  4.86E-17
   1350.00  4.96E-17
   1360.00  5.07E-17
   1370.00  5.18E-17
   1380.00  5.29E-17
   1390.00  5.40E-17
   1400.00  5.51E-17
   1410.00  5.62E-17
   1420.00  5.74E-17
   1430.00  5.85E-17
   1440.00  5.96E-17
   1450.00  6.07E-17
   1460.00  6.19E-17
   1470.00  6.30E-17
   1480.00  6.42E-17
   1490.00  6.53E-17
   1500.00  6.64E-17
   1510.00  6.76E-17
   1520.00  6.87E-17
   1520.92  6.88E-17
  0
***
       128      0.00   1181.94  P        P^+         2
        
      0.10  8.77E-25
      5.76  1.25E-19
      5.77  1.27E-20
     10.00  5.45E-20
     20.00  3.30E-19
     30.00  9.01E-19
     40.00  1.74E-18
     50.00  2.76E-18
     60.00  3.79E-18
     63.91  4.16E-18
     63.92  3.74E-18
     70.00  4.23E-18
     80.00  4.78E-18
     88.56  4.90E-18
     88.57  3.11E-19
     90.00  3.19E-19
    100.00  3.80E-19
    110.00  4.41E-19
    120.00  5.01E-19
    130.00  5.60E-19
    140.00  6.16E-19
    150.00  6.69E-19
    160.00  7.18E-19
    170.00  7.63E-19
    180.00  8.04E-19
    190.00  8.40E-19
    200.00  8.72E-19
    210.00  8.99E-19
    220.00  9.21E-19
    230.00  9.39E-19
    240.00  9.53E-19
    250.00  9.61E-19
    260.00  9.66E-19
    270.00  9.67E-19
    280.00  9.64E-19
    290.00  9.58E-19
    300.00  9.49E-19
    310.00  9.38E-19
    320.00  9.24E-19
    330.00  9.08E-19
    340.00  8.91E-19
    350.00  8.73E-19
    360.00  8.55E-19
    370.00  8.36E-19
    380.00  8.18E-19
    390.00  8.01E-19
    400.00  7.86E-19
    410.00  7.72E-19
    420.00  7.61E-19
    430.00  7.53E-19
    440.00  7.49E-19
    450.00  7.49E-19
    460.00  7.54E-19
    470.00  7.64E-19
    480.00  7.80E-19
    490.00  8.02E-19
    500.00  8.32E-19
    510.00  8.69E-19
    520.00  9.14E-19
    530.00  9.68E-19
    540.00  1.03E-18
    550.00  1.11E-18
    560.00  1.19E-18
    570.00  1.28E-18
    580.00  1.39E-18
    590.00  1.51E-18
    600.00  1.64E-18
    610.00  1.79E-18
    614.70  1.86E-18
    614.71  1.75E-18
    620.00  1.85E-18
    630.00  2.04E-18
    640.00  2.24E-18
    650.00  2.46E-18
    660.00  2.69E-18
    670.00  2.94E-18
    680.00  3.21E-18
    690.00  3.49E-18
    700.00  3.79E-18
    710.00  4.11E-18
    720.00  4.45E-18
    730.00  4.81E-18
    740.00  5.19E-18
    750.00  5.59E-18
    760.00  6.01E-18
    770.00  6.45E-18
    780.00  6.91E-18
    790.00  7.39E-18
    800.00  7.90E-18
    810.00  8.43E-18
    820.00  8.99E-18
    830.00  9.57E-18
    840.00  1.02E-17
    850.00  1.08E-17
    860.00  1.15E-17
    870.00  1.21E-17
    880.00  1.28E-17
    890.00  1.36E-17
    900.00  1.43E-17
    910.00  1.51E-17
    920.00  1.60E-17
    930.00  1.68E-17
    940.00  1.77E-17
    950.00  1.86E-17
    960.00  1.95E-17
    970.00  2.05E-17
    980.00  2.15E-17
    990.00  2.25E-17
   1000.00  2.36E-17
   1010.00  2.47E-17
   1020.00  2.58E-17
   1030.00  2.70E-17
   1040.00  2.82E-17
   1050.00  2.94E-17
   1060.00  3.07E-17
   1070.00  3.20E-17
   1080.00  3.33E-17
   1090.00  3.47E-17
   1100.00  3.61E-17
   1110.00  3.76E-17
   1120.00  3.90E-17
   1130.00  4.06E-17
   1140.00  4.21E-17
   1150.00  4.37E-17
   1160.00  4.54E-17
   1170.00  4.71E-17
   1180.00  4.88E-17
   1181.94  4.91E-17
  0
***
        88      0.00    786.71 Ar       Ar^+         2
        
      0.10  2.01E-24
      3.87  7.94E-20
      3.88  9.25E-21
     10.00  1.22E-19
     20.00  6.99E-19
     30.00  1.74E-18
     38.03  2.84E-18
     38.04  2.55E-18
     40.00  2.85E-18
     49.75  4.80E-18
     49.76  4.08E-19
     50.00  4.11E-19
     60.00  5.41E-19
     70.00  6.76E-19
     80.00  8.12E-19
     90.00  9.47E-19
    100.00  1.08E-18
    110.00  1.20E-18
    120.00  1.31E-18
    130.00  1.41E-18
    140.00  1.48E-18
    150.00  1.54E-18
    160.00  1.57E-18
    170.00  1.57E-18
    180.00  1.54E-18
    190.00  1.48E-18
    200.00  1.40E-18
    210.00  1.30E-18
    220.00  1.18E-18
    230.00  1.06E-18
    240.00  9.70E-19
    250.00  9.18E-19
    260.00  9.40E-19
    270.00  1.07E-18
    280.00  1.34E-18
    290.00  1.79E-18
    300.00  2.46E-18
    310.00  3.37E-18
    320.00  4.54E-18
    330.00  5.97E-18
    340.00  7.65E-18
    350.00  9.55E-18
    360.00  1.16E-17
    370.00  1.38E-17
    380.00  1.61E-17
    390.00  1.84E-17
    400.00  2.07E-17
    410.00  2.28E-17
    420.00  2.49E-17
    428.72  2.65E-17
    428.73  2.65E-17
    430.00  2.67E-17
    440.00  2.84E-17
    450.00  2.99E-17
    460.00  3.12E-17
    470.00  3.23E-17
    480.00  3.33E-17
    490.00  3.41E-17
    500.00  3.47E-17
    510.00  3.52E-17
    520.00  3.56E-17
    530.00  3.58E-17
    540.00  3.60E-17
    550.00  3.61E-17
    560.00  3.61E-17
    570.00  3.61E-17
    580.00  3.60E-17
    590.00  3.58E-17
    600.00  3.57E-17
    610.00  3.55E-17
    620.00  3.53E-17
    630.00  3.50E-17
    640.00  3.48E-17
    650.00  3.45E-17
    660.00  3.42E-17
    670.00  3.39E-17
    680.00  3.36E-17
    690.00  3.34E-17
    700.00  3.31E-17
    710.00  3.28E-17
    720.00  3.25E-17
    730.00  3.22E-17
    740.00  3.19E-17
    750.00  3.16E-17
    760.00  3.14E-17
    770.00  3.11E-17
    780.00  3.08E-17
    786.71  3.07E-17
  0
***
       214      0.00   2028.22 Ca       Ca^+         2
        
      0.10  2.94E-24
      3.07  6.77E-20
      3.08  7.76E-21
     10.00  1.86E-19
     20.00  1.04E-18
     28.02  2.15E-18
     28.03  1.90E-18
     30.00  2.18E-18
     35.19  2.89E-18
     35.20  3.14E-19
     40.00  4.01E-19
     50.00  5.97E-19
     60.00  8.02E-19
     70.00  1.00E-18
     80.00  1.19E-18
     90.00  1.36E-18
    100.00  1.51E-18
    110.00  1.63E-18
    120.00  1.72E-18
    130.00  1.79E-18
    140.00  1.82E-18
    150.00  1.83E-18
    160.00  1.82E-18
    170.00  1.79E-18
    180.00  1.74E-18
    190.00  1.69E-18
    200.00  1.62E-18
    210.00  1.56E-18
    220.00  1.51E-18
    230.00  1.46E-18
    240.00  1.44E-18
    250.00  1.44E-18
    256.70  1.45E-18
    256.71  1.10E-18
    260.00  1.12E-18
    270.00  1.22E-18
    280.00  1.37E-18
    290.00  1.58E-18
    300.00  1.85E-18
    310.00  2.20E-18
    320.00  2.63E-18
    330.00  3.14E-18
    340.00  3.76E-18
    350.00  4.48E-18
    360.00  5.31E-18
    360.11  5.32E-18
    360.12  1.43E-19
    370.00  1.47E-19
    380.00  1.50E-19
    390.00  1.53E-19
    400.00  1.56E-19
    410.00  1.59E-19
    420.00  1.62E-19
    430.00  1.64E-19
    440.00  1.67E-19
    450.00  1.69E-19
    460.00  1.71E-19
    470.00  1.73E-19
    480.00  1.74E-19
    490.00  1.76E-19
    500.00  1.77E-19
    510.00  1.78E-19
    520.00  1.79E-19
    530.00  1.80E-19
    540.00  1.81E-19
    550.00  1.82E-19
    560.00  1.82E-19
    570.00  1.83E-19
    580.00  1.83E-19
    590.00  1.84E-19
    600.00  1.84E-19
    610.00  1.85E-19
    620.00  1.85E-19
    630.00  1.86E-19
    640.00  1.87E-19
    650.00  1.87E-19
    660.00  1.88E-19
    670.00  1.89E-19
    680.00  1.89E-19
    690.00  1.90E-19
    700.00  1.92E-19
    710.00  1.93E-19
    720.00  1.94E-19
    730.00  1.96E-19
    740.00  1.98E-19
    750.00  2.00E-19
    760.00  2.02E-19
    770.00  2.04E-19
    780.00  2.07E-19
    790.00  2.10E-19
    800.00  2.14E-19
    810.00  2.17E-19
    820.00  2.21E-19
    830.00  2.26E-19
    840.00  2.30E-19
    850.00  2.35E-19
    860.00  2.41E-19
    870.00  2.47E-19
    880.00  2.53E-19
    890.00  2.60E-19
    900.00  2.67E-19
    910.00  2.75E-19
    920.00  2.83E-19
    930.00  2.92E-19
    940.00  3.01E-19
    950.00  3.11E-19
    960.00  3.21E-19
    970.00  3.32E-19
    980.00  3.43E-19
    990.00  3.56E-19
   1000.00  3.68E-19
   1010.00  3.82E-19
   1020.00  3.96E-19
   1030.00  4.10E-19
   1040.00  4.26E-19
   1050.00  4.42E-19
   1060.00  4.59E-19
   1070.00  4.76E-19
   1080.00  4.94E-19
   1090.00  5.13E-19
   1100.00  5.33E-19
   1110.00  5.53E-19
   1120.00  5.75E-19
   1130.00  5.97E-19
   1140.00  6.20E-19
   1150.00  6.44E-19
   1160.00  6.68E-19
   1170.00  6.94E-19
   1180.00  7.20E-19
   1190.00  7.47E-19
   1200.00  7.75E-19
   1210.00  8.04E-19
   1220.00  8.34E-19
   1230.00  8.65E-19
   1240.00  8.97E-19
   1250.00  9.30E-19
   1260.00  9.64E-19
   1270.00  9.98E-19
   1280.00  1.03E-18
   1290.00  1.07E-18
   1300.00  1.11E-18
   1310.00  1.15E-18
   1320.00  1.19E-18
   1330.00  1.23E-18
   1340.00  1.27E-18
   1350.00  1.31E-18
   1360.00  1.36E-18
   1370.00  1.40E-18
   1380.00  1.45E-18
   1390.00  1.50E-18
   1400.00  1.54E-18
   1410.00  1.59E-18
   1420.00  1.64E-18
   1430.00  1.70E-18
   1440.00  1.75E-18
   1450.00  1.80E-18
   1460.00  1.86E-18
   1470.00  1.92E-18
   1480.00  1.97E-18
   1490.00  2.03E-18
   1500.00  2.09E-18
   1510.00  2.15E-18
   1520.00  2.22E-18
   1530.00  2.28E-18
   1540.00  2.34E-18
   1550.00  2.41E-18
   1560.00  2.48E-18
   1570.00  2.55E-18
   1580.00  2.62E-18
   1590.00  2.69E-18
   1600.00  2.76E-18
   1610.00  2.83E-18
   1620.00  2.91E-18
   1630.00  2.99E-18
   1640.00  3.06E-18
   1650.00  3.14E-18
   1660.00  3.22E-18
   1670.00  3.30E-18
   1680.00  3.39E-18
   1690.00  3.47E-18
   1700.00  3.56E-18
   1710.00  3.64E-18
   1720.00  3.73E-18
   1730.00  3.82E-18
   1740.00  3.91E-18
   1750.00  4.01E-18
   1760.00  4.10E-18
   1770.00  4.20E-18
   1780.00  4.29E-18
   1790.00  4.39E-18
   1800.00  4.49E-18
   1810.00  4.59E-18
   1820.00  4.69E-18
   1830.00  4.80E-18
   1840.00  4.90E-18
   1850.00  5.01E-18
   1860.00  5.11E-18
   1870.00  5.22E-18
   1880.00  5.33E-18
   1890.00  5.45E-18
   1900.00  5.56E-18
   1910.00  5.67E-18
   1920.00  5.79E-18
   1930.00  5.91E-18
   1940.00  6.03E-18
   1950.00  6.15E-18
   1960.00  6.27E-18
   1970.00  6.39E-18
   1980.00  6.52E-18
   1990.00  6.65E-18
   2000.00  6.77E-18
   2010.00  6.90E-18
   2020.00  7.03E-18
   2028.22  7.14E-18
  0
***
       203      0.00   1895.80 Sc       Sc^+         2
        
      0.10  3.68E-24
      2.76  6.10E-20
      2.77  7.11E-21
     10.00  2.28E-19
     20.00  1.22E-18
     24.64  1.90E-18
     24.65  1.67E-18
     30.00  2.45E-18
     30.58  2.53E-18
     30.59  2.90E-19
     40.00  4.82E-19
     50.00  7.09E-19
     60.00  9.45E-19
     70.00  1.18E-18
     80.00  1.40E-18
     90.00  1.60E-18
    100.00  1.77E-18
    110.00  1.92E-18
    120.00  2.05E-18
    130.00  2.14E-18
    140.00  2.22E-18
    150.00  2.27E-18
    160.00  2.30E-18
    170.00  2.32E-18
    180.00  2.34E-18
    190.00  2.36E-18
    200.00  2.38E-18
    210.00  2.42E-18
    219.83  2.48E-18
    219.84  2.10E-18
    220.00  2.10E-18
    230.00  2.22E-18
    240.00  2.38E-18
    250.00  2.60E-18
    260.00  2.88E-18
    270.00  3.23E-18
    280.00  3.67E-18
    290.00  4.20E-18
    300.00  4.84E-18
    310.00  5.60E-18
    320.00  6.48E-18
    330.00  7.51E-18
    340.00  8.69E-18
    350.00  1.00E-17
    360.00  1.16E-17
    369.00  1.31E-17
    369.01  2.52E-18
    370.00  2.53E-18
    380.00  2.60E-18
    390.00  2.67E-18
    400.00  2.74E-18
    410.00  2.80E-18
    420.00  2.86E-18
    430.00  2.92E-18
    440.00  2.98E-18
    450.00  3.03E-18
    460.00  3.08E-18
    470.00  3.12E-18
    480.00  3.17E-18
    490.00  3.21E-18
    500.00  3.24E-18
    510.00  3.28E-18
    520.00  3.31E-18
    530.00  3.34E-18
    540.00  3.36E-18
    550.00  3.38E-18
    560.00  3.40E-18
    570.00  3.42E-18
    580.00  3.43E-18
    590.00  3.44E-18
    600.00  3.45E-18
    610.00  3.45E-18
    620.00  3.46E-18
    630.00  3.46E-18
    640.00  3.45E-18
    650.00  3.45E-18
    660.00  3.44E-18
    670.00  3.43E-18
    680.00  3.42E-18
    690.00  3.41E-18
    700.00  3.39E-18
    710.00  3.38E-18
    720.00  3.36E-18
    730.00  3.34E-18
    740.00  3.32E-18
    750.00  3.29E-18
    760.00  3.27E-18
    770.00  3.24E-18
    780.00  3.22E-18
    790.00  3.19E-18
    800.00  3.16E-18
    810.00  3.13E-18
    820.00  3.10E-18
    830.00  3.07E-18
    840.00  3.04E-18
    850.00  3.01E-18
    860.00  2.98E-18
    870.00  2.95E-18
    880.00  2.92E-18
    890.00  2.89E-18
    900.00  2.85E-18
    910.00  2.82E-18
    920.00  2.79E-18
    930.00  2.77E-18
    940.00  2.74E-18
    950.00  2.71E-18
    960.00  2.68E-18
    970.00  2.66E-18
    980.00  2.64E-18
    990.00  2.61E-18
   1000.00  2.59E-18
   1010.00  2.57E-18
   1020.00  2.56E-18
   1030.00  2.54E-18
   1040.00  2.53E-18
   1050.00  2.52E-18
   1060.00  2.51E-18
   1070.00  2.51E-18
   1080.00  2.50E-18
   1090.00  2.50E-18
   1100.00  2.51E-18
   1110.00  2.51E-18
   1120.00  2.52E-18
   1130.00  2.53E-18
   1140.00  2.55E-18
   1150.00  2.57E-18
   1160.00  2.59E-18
   1170.00  2.62E-18
   1180.00  2.65E-18
   1190.00  2.69E-18
   1200.00  2.73E-18
   1210.00  2.77E-18
   1220.00  2.82E-18
   1230.00  2.88E-18
   1240.00  2.93E-18
   1250.00  3.00E-18
   1260.00  3.07E-18
   1270.00  3.14E-18
   1280.00  3.22E-18
   1290.00  3.31E-18
   1300.00  3.40E-18
   1310.00  3.49E-18
   1320.00  3.60E-18
   1330.00  3.71E-18
   1340.00  3.82E-18
   1350.00  3.94E-18
   1360.00  4.07E-18
   1370.00  4.21E-18
   1380.00  4.35E-18
   1390.00  4.50E-18
   1400.00  4.65E-18
   1410.00  4.82E-18
   1420.00  4.99E-18
   1430.00  5.17E-18
   1440.00  5.35E-18
   1450.00  5.55E-18
   1460.00  5.75E-18
   1470.00  5.96E-18
   1480.00  6.18E-18
   1490.00  6.40E-18
   1500.00  6.64E-18
   1510.00  6.88E-18
   1520.00  7.13E-18
   1530.00  7.39E-18
   1540.00  7.66E-18
   1547.88  7.88E-18
   1547.89  2.92E-21
   1550.00  3.14E-21
   1560.00  4.30E-21
   1570.00  5.65E-21
   1580.00  7.21E-21
   1590.00  8.96E-21
   1600.00  1.09E-20
   1610.00  1.31E-20
   1620.00  1.55E-20
   1630.00  1.81E-20
   1640.00  2.09E-20
   1650.00  2.40E-20
   1660.00  2.73E-20
   1670.00  3.08E-20
   1680.00  3.46E-20
   1690.00  3.86E-20
   1700.00  4.29E-20
   1710.00  4.74E-20
   1720.00  5.22E-20
   1730.00  5.73E-20
   1740.00  6.26E-20
   1750.00  6.82E-20
   1760.00  7.41E-20
   1770.00  8.03E-20
   1780.00  8.68E-20
   1790.00  9.35E-20
   1800.00  1.01E-19
   1810.00  1.08E-19
   1820.00  1.16E-19
   1830.00  1.24E-19
   1840.00  1.32E-19
   1850.00  1.40E-19
   1860.00  1.49E-19
   1870.00  1.59E-19
   1880.00  1.68E-19
   1890.00  1.78E-19
   1895.80  1.84E-19
  0
***
       195      0.00   1817.96 Ti       Ti^+         2
        
      0.10  4.52E-24
      2.49  5.52E-20
      2.50  6.53E-21
     10.00  2.74E-19
     20.00  1.42E-18
     21.79  1.69E-18
     21.80  1.49E-18
     26.72  2.21E-18
     26.73  2.64E-19
     30.00  3.32E-19
     40.00  5.71E-19
     50.00  8.39E-19
     60.00  1.12E-18
     70.00  1.40E-18
     80.00  1.66E-18
     90.00  1.91E-18
    100.00  2.13E-18
    110.00  2.33E-18
    120.00  2.50E-18
    130.00  2.65E-18
    140.00  2.78E-18
    150.00  2.90E-18
    160.00  3.00E-18
    170.00  3.10E-18
    180.00  3.21E-18
    190.00  3.34E-18
    190.75  3.35E-18
    190.76  2.97E-18
    200.00  3.13E-18
    210.00  3.33E-18
    220.00  3.59E-18
    230.00  3.91E-18
    240.00  4.30E-18
    250.00  4.77E-18
    260.00  5.35E-18
    270.00  6.03E-18
    280.00  6.84E-18
    290.00  7.79E-18
    300.00  8.89E-18
    309.96  1.02E-17
    309.97  4.15E-18
    310.00  4.15E-18
    320.00  4.29E-18
    330.00  4.42E-18
    340.00  4.55E-18
    350.00  4.66E-18
    360.00  4.77E-18
    370.00  4.88E-18
    380.00  4.97E-18
    390.00  5.06E-18
    400.00  5.15E-18
    410.00  5.22E-18
    420.00  5.29E-18
    430.00  5.35E-18
    440.00  5.40E-18
    450.00  5.45E-18
    460.00  5.49E-18
    470.00  5.53E-18
    480.00  5.55E-18
    490.00  5.57E-18
    500.00  5.59E-18
    510.00  5.60E-18
    520.00  5.60E-18
    530.00  5.60E-18
    540.00  5.59E-18
    550.00  5.58E-18
    560.00  5.56E-18
    570.00  5.54E-18
    580.00  5.51E-18
    590.00  5.48E-18
    600.00  5.44E-18
    610.00  5.40E-18
    620.00  5.36E-18
    630.00  5.31E-18
    640.00  5.26E-18
    650.00  5.21E-18
    660.00  5.15E-18
    670.00  5.09E-18
    680.00  5.03E-18
    690.00  4.97E-18
    700.00  4.90E-18
    710.00  4.84E-18
    720.00  4.77E-18
    730.00  4.70E-18
    740.00  4.63E-18
    750.00  4.57E-18
    760.00  4.50E-18
    770.00  4.43E-18
    780.00  4.36E-18
    790.00  4.29E-18
    800.00  4.23E-18
    810.00  4.16E-18
    820.00  4.10E-18
    830.00  4.03E-18
    840.00  3.97E-18
    850.00  3.92E-18
    860.00  3.86E-18
    870.00  3.81E-18
    880.00  3.76E-18
    890.00  3.71E-18
    900.00  3.67E-18
    910.00  3.63E-18
    920.00  3.60E-18
    930.00  3.57E-18
    940.00  3.55E-18
    950.00  3.53E-18
    960.00  3.51E-18
    970.00  3.50E-18
    980.00  3.50E-18
    990.00  3.50E-18
   1000.00  3.51E-18
   1010.00  3.53E-18
   1020.00  3.55E-18
   1030.00  3.58E-18
   1040.00  3.62E-18
   1050.00  3.66E-18
   1060.00  3.71E-18
   1070.00  3.77E-18
   1080.00  3.84E-18
   1090.00  3.92E-18
   1100.00  4.00E-18
   1110.00  4.10E-18
   1120.00  4.20E-18
   1130.00  4.32E-18
   1140.00  4.44E-18
   1150.00  4.57E-18
   1160.00  4.72E-18
   1170.00  4.87E-18
   1180.00  5.04E-18
   1190.00  5.21E-18
   1200.00  5.40E-18
   1210.00  5.60E-18
   1220.00  5.81E-18
   1230.00  6.03E-18
   1240.00  6.27E-18
   1247.34  6.45E-18
   1247.35  9.12E-21
   1250.00  8.68E-21
   1260.00  7.11E-21
   1270.00  5.68E-21
   1280.00  4.40E-21
   1290.00  3.27E-21
   1300.00  2.30E-21
   1310.00  1.50E-21
   1320.00  8.60E-22
   1330.00  3.98E-22
   1340.00  1.18E-22
   1350.00  2.28E-23
   1360.00  1.20E-22
   1370.00  4.15E-22
   1380.00  9.13E-22
   1390.00  1.62E-21
   1400.00  2.54E-21
   1410.00  3.68E-21
   1420.00  5.05E-21
   1430.00  6.65E-21
   1440.00  8.49E-21
   1450.00  1.06E-20
   1460.00  1.29E-20
   1470.00  1.55E-20
   1480.00  1.83E-20
   1490.00  2.15E-20
   1500.00  2.49E-20
   1510.00  2.85E-20
   1520.00  3.25E-20
   1530.00  3.67E-20
   1540.00  4.13E-20
   1550.00  4.61E-20
   1560.00  5.13E-20
   1570.00  5.68E-20
   1580.00  6.26E-20
   1590.00  6.87E-20
   1600.00  7.51E-20
   1610.00  8.19E-20
   1620.00  8.91E-20
   1630.00  9.66E-20
   1640.00  1.04E-19
   1650.00  1.13E-19
   1660.00  1.21E-19
   1670.00  1.30E-19
   1680.00  1.40E-19
   1690.00  1.49E-19
   1700.00  1.59E-19
   1710.00  1.70E-19
   1720.00  1.81E-19
   1730.00  1.92E-19
   1740.00  2.04E-19
   1750.00  2.16E-19
   1760.00  2.29E-19
   1770.00  2.42E-19
   1780.00  2.56E-19
   1790.00  2.70E-19
   1800.00  2.84E-19
   1810.00  2.99E-19
   1817.96  3.11E-19
  0
***
       197      0.00   1839.54  V        V^+         2
        
      0.10  5.47E-24
      2.26  5.00E-20
      2.27  5.96E-21
     10.00  3.23E-19
     19.43  1.52E-18
     19.44  1.34E-18
     20.00  1.42E-18
     23.53  1.93E-18
     23.54  2.37E-19
     30.00  3.89E-19
     40.00  6.72E-19
     50.00  9.92E-19
     60.00  1.33E-18
     70.00  1.66E-18
     80.00  1.99E-18
     90.00  2.30E-18
    100.00  2.59E-18
    110.00  2.86E-18
    120.00  3.10E-18
    130.00  3.33E-18
    140.00  3.54E-18
    150.00  3.75E-18
    160.00  3.95E-18
    161.02  3.98E-18
    161.03  3.59E-18
    170.00  3.80E-18
    180.00  4.05E-18
    190.00  4.33E-18
    200.00  4.67E-18
    210.00  5.06E-18
    220.00  5.52E-18
    230.00  6.07E-18
    240.00  6.72E-18
    250.00  7.48E-18
    260.00  8.37E-18
    263.80  8.74E-18
    263.81  5.31E-18
    270.00  5.43E-18
    280.00  5.61E-18
    290.00  5.79E-18
    300.00  5.94E-18
    310.00  6.09E-18
    320.00  6.22E-18
    330.00  6.34E-18
    340.00  6.45E-18
    350.00  6.55E-18
    360.00  6.63E-18
    370.00  6.71E-18
    380.00  6.77E-18
    390.00  6.82E-18
    400.00  6.86E-18
    410.00  6.89E-18
    420.00  6.91E-18
    430.00  6.92E-18
    440.00  6.92E-18
    450.00  6.92E-18
    460.00  6.90E-18
    470.00  6.88E-18
    480.00  6.85E-18
    490.00  6.81E-18
    500.00  6.77E-18
    510.00  6.72E-18
    520.00  6.66E-18
    530.00  6.60E-18
    540.00  6.54E-18
    550.00  6.47E-18
    560.00  6.39E-18
    570.00  6.32E-18
    580.00  6.24E-18
    590.00  6.15E-18
    600.00  6.07E-18
    610.00  5.98E-18
    620.00  5.89E-18
    630.00  5.80E-18
    640.00  5.70E-18
    650.00  5.61E-18
    660.00  5.52E-18
    670.00  5.42E-18
    680.00  5.33E-18
    690.00  5.23E-18
    700.00  5.14E-18
    710.00  5.05E-18
    720.00  4.96E-18
    730.00  4.87E-18
    740.00  4.78E-18
    750.00  4.70E-18
    760.00  4.62E-18
    770.00  4.54E-18
    780.00  4.46E-18
    790.00  4.39E-18
    800.00  4.32E-18
    810.00  4.25E-18
    820.00  4.19E-18
    830.00  4.13E-18
    840.00  4.07E-18
    850.00  4.02E-18
    860.00  3.98E-18
    870.00  3.94E-18
    880.00  3.90E-18
    890.00  3.87E-18
    900.00  3.84E-18
    910.00  3.82E-18
    920.00  3.81E-18
    930.00  3.80E-18
    940.00  3.80E-18
    950.00  3.80E-18
    960.00  3.81E-18
    970.00  3.83E-18
    980.00  3.85E-18
    990.00  3.88E-18
   1000.00  3.92E-18
   1010.00  3.96E-18
   1020.00  4.01E-18
   1030.00  4.07E-18
   1033.21  4.09E-18
   1033.22  3.52E-20
   1040.00  3.32E-20
   1050.00  3.03E-20
   1060.00  2.75E-20
   1070.00  2.48E-20
   1080.00  2.22E-20
   1090.00  1.97E-20
   1100.00  1.73E-20
   1110.00  1.51E-20
   1120.00  1.30E-20
   1130.00  1.10E-20
   1140.00  9.13E-21
   1150.00  7.44E-21
   1160.00  5.90E-21
   1170.00  4.53E-21
   1180.00  3.32E-21
   1190.00  2.29E-21
   1200.00  1.44E-21
   1210.00  7.82E-22
   1220.00  3.19E-22
   1230.00  5.84E-23
   1240.00  7.83E-24
   1250.00  1.74E-22
   1260.00  5.63E-22
   1270.00  1.18E-21
   1280.00  2.04E-21
   1290.00  3.14E-21
   1300.00  4.50E-21
   1310.00  6.11E-21
   1320.00  7.99E-21
   1330.00  1.01E-20
   1340.00  1.26E-20
   1350.00  1.53E-20
   1360.00  1.83E-20
   1370.00  2.16E-20
   1380.00  2.52E-20
   1390.00  2.92E-20
   1400.00  3.34E-20
   1410.00  3.80E-20
   1420.00  4.30E-20
   1430.00  4.82E-20
   1440.00  5.39E-20
   1450.00  5.99E-20
   1460.00  6.62E-20
   1470.00  7.30E-20
   1480.00  8.01E-20
   1490.00  8.76E-20
   1500.00  9.55E-20
   1510.00  1.04E-19
   1520.00  1.13E-19
   1530.00  1.22E-19
   1540.00  1.31E-19
   1550.00  1.41E-19
   1560.00  1.52E-19
   1570.00  1.63E-19
   1580.00  1.74E-19
   1590.00  1.86E-19
   1600.00  1.98E-19
   1610.00  2.11E-19
   1620.00  2.24E-19
   1630.00  2.38E-19
   1640.00  2.52E-19
   1650.00  2.67E-19
   1660.00  2.83E-19
   1670.00  2.99E-19
   1680.00  3.15E-19
   1690.00  3.32E-19
   1700.00  3.49E-19
   1710.00  3.68E-19
   1720.00  3.86E-19
   1730.00  4.05E-19
   1740.00  4.25E-19
   1750.00  4.46E-19
   1760.00  4.67E-19
   1770.00  4.88E-19
   1780.00  5.11E-19
   1790.00  5.33E-19
   1800.00  5.57E-19
   1810.00  5.81E-19
   1820.00  6.06E-19
   1830.00  6.32E-19
   1839.54  6.56E-19
  0
***
       197      0.00   1832.20 Cr       Cr^+         2
        
      0.10  6.69E-24
      2.07  4.49E-20
      2.08  5.55E-21
     10.00  3.78E-19
     17.64  1.43E-18
     17.65  1.26E-18
     20.00  1.65E-18
     21.19  1.86E-18
     21.20  2.23E-19
     30.00  4.58E-19
     40.00  7.96E-19
     50.00  1.18E-18
     60.00  1.60E-18
     70.00  2.02E-18
     80.00  2.43E-18
     90.00  2.83E-18
    100.00  3.21E-18
    110.00  3.57E-18
    120.00  3.90E-18
    130.00  4.22E-18
    140.00  4.53E-18
    150.00  4.85E-18
    156.94  5.07E-18
    156.95  4.74E-18
    160.00  4.85E-18
    170.00  5.22E-18
    180.00  5.64E-18
    190.00  6.12E-18
    200.00  6.68E-18
    210.00  7.33E-18
    220.00  8.10E-18
    230.00  9.00E-18
    240.00  1.01E-17
    250.00  1.13E-17
    253.03  1.17E-17
    253.04  7.20E-18
    260.00  7.38E-18
    270.00  7.62E-18
    280.00  7.84E-18
    290.00  8.05E-18
    300.00  8.25E-18
    310.00  8.43E-18
    320.00  8.60E-18
    330.00  8.75E-18
    340.00  8.90E-18
    350.00  9.03E-18
    360.00  9.14E-18
    370.00  9.25E-18
    380.00  9.35E-18
    390.00  9.43E-18
    400.00  9.51E-18
    410.00  9.58E-18
    420.00  9.63E-18
    430.00  9.68E-18
    440.00  9.73E-18
    450.00  9.76E-18
    460.00  9.79E-18
    470.00  9.81E-18
    480.00  9.82E-18
    490.00  9.83E-18
    500.00  9.83E-18
    510.00  9.83E-18
    520.00  9.82E-18
    530.00  9.81E-18
    540.00  9.79E-18
    550.00  9.77E-18
    560.00  9.75E-18
    570.00  9.72E-18
    580.00  9.70E-18
    590.00  9.66E-18
    600.00  9.63E-18
    610.00  9.59E-18
    620.00  9.55E-18
    630.00  9.51E-18
    640.00  9.47E-18
    650.00  9.42E-18
    660.00  9.38E-18
    670.00  9.33E-18
    680.00  9.29E-18
    690.00  9.24E-18
    700.00  9.19E-18
    710.00  9.14E-18
    720.00  9.09E-18
    730.00  9.04E-18
    740.00  8.99E-18
    750.00  8.94E-18
    760.00  8.89E-18
    770.00  8.85E-18
    780.00  8.80E-18
    790.00  8.75E-18
    800.00  8.70E-18
    810.00  8.66E-18
    820.00  8.61E-18
    830.00  8.57E-18
    840.00  8.52E-18
    850.00  8.48E-18
    860.00  8.44E-18
    870.00  8.40E-18
    880.00  8.36E-18
    890.00  8.32E-18
    900.00  8.29E-18
    910.00  8.25E-18
    920.00  8.22E-18
    930.00  8.18E-18
    940.00  8.15E-18
    950.00  8.12E-18
    960.00  8.10E-18
    970.00  8.07E-18
    980.00  8.05E-18
    990.00  8.02E-18
   1000.00  8.00E-18
   1010.00  7.98E-18
   1020.00  7.96E-18
   1030.00  7.95E-18
   1040.00  7.93E-18
   1050.00  7.92E-18
   1060.00  7.91E-18
   1070.00  7.90E-18
   1080.00  7.90E-18
   1090.00  7.89E-18
   1100.00  7.89E-18
   1110.00  7.89E-18
   1120.00  7.89E-18
   1130.00  7.89E-18
   1140.00  7.89E-18
   1150.00  7.90E-18
   1160.00  7.91E-18
   1170.00  7.92E-18
   1180.00  7.93E-18
   1190.00  7.94E-18
   1200.00  7.96E-18
   1210.00  7.98E-18
   1220.00  8.00E-18
   1230.00  8.02E-18
   1240.00  8.04E-18
   1250.00  8.07E-18
   1260.00  8.09E-18
   1270.00  8.12E-18
   1280.00  8.15E-18
   1290.00  8.19E-18
   1300.00  8.22E-18
   1310.00  8.26E-18
   1320.00  8.30E-18
   1330.00  8.34E-18
   1340.00  8.38E-18
   1350.00  8.42E-18
   1360.00  8.47E-18
   1370.00  8.51E-18
   1380.00  8.56E-18
   1390.00  8.62E-18
   1400.00  8.67E-18
   1410.00  8.72E-18
   1420.00  8.78E-18
   1430.00  8.84E-18
   1431.70  8.85E-18
   1431.71  7.80E-21
   1440.00  8.78E-21
   1450.00  1.00E-20
   1460.00  1.14E-20
   1470.00  1.29E-20
   1480.00  1.44E-20
   1490.00  1.61E-20
   1500.00  1.79E-20
   1510.00  1.98E-20
   1520.00  2.18E-20
   1530.00  2.39E-20
   1540.00  2.61E-20
   1550.00  2.84E-20
   1560.00  3.09E-20
   1570.00  3.34E-20
   1580.00  3.61E-20
   1590.00  3.90E-20
   1600.00  4.19E-20
   1610.00  4.50E-20
   1620.00  4.82E-20
   1630.00  5.15E-20
   1640.00  5.50E-20
   1650.00  5.86E-20
   1660.00  6.23E-20
   1670.00  6.62E-20
   1680.00  7.02E-20
   1690.00  7.44E-20
   1700.00  7.87E-20
   1710.00  8.32E-20
   1720.00  8.78E-20
   1730.00  9.26E-20
   1740.00  9.75E-20
   1750.00  1.03E-19
   1760.00  1.08E-19
   1770.00  1.13E-19
   1780.00  1.19E-19
   1790.00  1.25E-19
   1800.00  1.31E-19
   1810.00  1.37E-19
   1820.00  1.43E-19
   1830.00  1.49E-19
   1832.20  1.51E-19
  0
***
       180      0.00   1667.81 Mn       Mn^+         2
        
      0.10  9.93E-24
      1.89  4.18E-20
      1.90  5.23E-21
     10.00  4.41E-19
     15.86  1.27E-18
     15.87  1.11E-18
     18.92  1.58E-18
     18.93  2.06E-19
     20.00  2.32E-19
     30.00  5.39E-19
     40.00  9.37E-19
     50.00  1.39E-18
     60.00  1.88E-18
     70.00  2.38E-18
     80.00  2.87E-18
     90.00  3.34E-18
    100.00  3.79E-18
    110.00  4.21E-18
    120.00  4.61E-18
    130.00  5.00E-18
    131.06  5.04E-18
    131.07  4.70E-18
    140.00  5.04E-18
    150.00  5.44E-18
    160.00  5.87E-18
    170.00  6.34E-18
    180.00  6.87E-18
    190.00  7.47E-18
    200.00  8.17E-18
    208.73  8.88E-18
    208.74  6.92E-18
    210.00  6.95E-18
    220.00  7.22E-18
    230.00  7.46E-18
    240.00  7.67E-18
    250.00  7.85E-18
    260.00  8.01E-18
    270.00  8.14E-18
    280.00  8.25E-18
    290.00  8.34E-18
    300.00  8.40E-18
    310.00  8.45E-18
    320.00  8.47E-18
    330.00  8.48E-18
    340.00  8.46E-18
    350.00  8.44E-18
    360.00  8.39E-18
    370.00  8.34E-18
    380.00  8.27E-18
    390.00  8.19E-18
    400.00  8.10E-18
    410.00  8.00E-18
    420.00  7.90E-18
    430.00  7.78E-18
    440.00  7.66E-18
    450.00  7.54E-18
    460.00  7.41E-18
    470.00  7.27E-18
    480.00  7.13E-18
    490.00  6.99E-18
    500.00  6.85E-18
    510.00  6.71E-18
    520.00  6.56E-18
    530.00  6.42E-18
    540.00  6.27E-18
    550.00  6.13E-18
    560.00  5.99E-18
    570.00  5.85E-18
    580.00  5.71E-18
    590.00  5.58E-18
    600.00  5.45E-18
    610.00  5.32E-18
    620.00  5.19E-18
    630.00  5.07E-18
    640.00  4.96E-18
    650.00  4.85E-18
    660.00  4.74E-18
    670.00  4.64E-18
    680.00  4.55E-18
    690.00  4.46E-18
    700.00  4.37E-18
    710.00  4.29E-18
    720.00  4.22E-18
    730.00  4.15E-18
    740.00  4.09E-18
    750.00  4.04E-18
    760.00  3.99E-18
    770.00  3.95E-18
    780.00  3.92E-18
    790.00  3.89E-18
    800.00  3.87E-18
    810.00  3.85E-18
    820.00  3.85E-18
    830.00  3.85E-18
    840.00  3.86E-18
    850.00  3.87E-18
    860.00  3.89E-18
    867.03  3.91E-18
    867.04  3.59E-20
    870.00  3.49E-20
    880.00  3.18E-20
    890.00  2.87E-20
    900.00  2.57E-20
    910.00  2.29E-20
    920.00  2.02E-20
    930.00  1.76E-20
    940.00  1.52E-20
    950.00  1.29E-20
    960.00  1.08E-20
    970.00  8.92E-21
    980.00  7.21E-21
    990.00  5.71E-21
   1000.00  4.43E-21
   1010.00  3.37E-21
   1020.00  2.56E-21
   1030.00  1.99E-21
   1040.00  1.69E-21
   1050.00  1.65E-21
   1060.00  1.91E-21
   1070.00  2.46E-21
   1080.00  3.32E-21
   1090.00  4.49E-21
   1100.00  6.01E-21
   1110.00  7.86E-21
   1120.00  1.01E-20
   1130.00  1.27E-20
   1140.00  1.56E-20
   1150.00  1.90E-20
   1160.00  2.27E-20
   1170.00  2.69E-20
   1180.00  3.15E-20
   1190.00  3.66E-20
   1200.00  4.21E-20
   1210.00  4.81E-20
   1220.00  5.46E-20
   1230.00  6.15E-20
   1240.00  6.90E-20
   1250.00  7.70E-20
   1260.00  8.55E-20
   1270.00  9.46E-20
   1280.00  1.04E-19
   1290.00  1.15E-19
   1300.00  1.25E-19
   1310.00  1.37E-19
   1320.00  1.49E-19
   1330.00  1.61E-19
   1340.00  1.75E-19
   1350.00  1.89E-19
   1360.00  2.03E-19
   1370.00  2.19E-19
   1380.00  2.35E-19
   1390.00  2.52E-19
   1400.00  2.69E-19
   1410.00  2.87E-19
   1420.00  3.06E-19
   1430.00  3.26E-19
   1440.00  3.47E-19
   1450.00  3.68E-19
   1460.00  3.91E-19
   1470.00  4.14E-19
   1480.00  4.37E-19
   1490.00  4.62E-19
   1500.00  4.88E-19
   1510.00  5.15E-19
   1520.00  5.42E-19
   1530.00  5.70E-19
   1540.00  6.00E-19
   1550.00  6.30E-19
   1560.00  6.61E-19
   1570.00  6.94E-19
   1580.00  7.27E-19
   1590.00  7.61E-19
   1600.00  7.97E-19
   1610.00  8.33E-19
   1620.00  8.71E-19
   1630.00  9.09E-19
   1640.00  9.49E-19
   1650.00  9.90E-19
   1660.00  1.03E-18
   1667.81  0.00E+00
  0
***
       170      0.00   1569.04 Fe       Fe^+         2
        
      0.10  1.04E-23
      1.74  3.84E-20
      1.75  4.83E-21
     10.00  5.07E-19
     14.47  1.17E-18
     14.48  1.03E-18
     17.13  1.45E-18
     17.14  1.93E-19
     20.00  2.72E-19
     30.00  6.37E-19
     40.00  1.11E-18
     50.00  1.66E-18
     60.00  2.24E-18
     70.00  2.83E-18
     80.00  3.40E-18
     90.00  3.95E-18
    100.00  4.48E-18
    110.00  4.97E-18
    119.22  5.40E-18
    119.23  5.07E-18
    120.00  5.11E-18
    130.00  5.57E-18
    140.00  6.04E-18
    150.00  6.53E-18
    160.00  7.06E-18
    170.00  7.65E-18
    180.00  8.33E-18
    187.86  8.94E-18
    187.87  7.27E-18
    190.00  7.23E-18
    200.00  7.05E-18
    210.00  6.88E-18
    220.00  6.72E-18
    230.00  6.57E-18
    240.00  6.43E-18
    250.00  6.29E-18
    260.00  6.17E-18
    270.00  6.04E-18
    280.00  5.93E-18
    290.00  5.82E-18
    300.00  5.71E-18
    310.00  5.61E-18
    320.00  5.51E-18
    330.00  5.42E-18
    340.00  5.33E-18
    350.00  5.24E-18
    360.00  5.16E-18
    370.00  5.08E-18
    380.00  5.00E-18
    390.00  4.93E-18
    400.00  4.86E-18
    410.00  4.79E-18
    420.00  4.72E-18
    430.00  4.65E-18
    440.00  4.59E-18
    450.00  4.52E-18
    460.00  4.46E-18
    470.00  4.40E-18
    480.00  4.35E-18
    490.00  4.29E-18
    500.00  4.23E-18
    510.00  4.18E-18
    520.00  4.13E-18
    530.00  4.08E-18
    540.00  4.03E-18
    550.00  3.98E-18
    560.00  3.93E-18
    570.00  3.88E-18
    580.00  3.84E-18
    590.00  3.79E-18
    600.00  3.75E-18
    610.00  3.71E-18
    620.00  3.66E-18
    630.00  3.62E-18
    640.00  3.58E-18
    650.00  3.54E-18
    660.00  3.50E-18
    670.00  3.46E-18
    680.00  3.43E-18
    690.00  3.39E-18
    700.00  3.35E-18
    710.00  3.31E-18
    720.00  3.28E-18
    730.00  3.24E-18
    740.00  3.21E-18
    750.00  3.18E-18
    760.00  3.14E-18
    770.00  3.11E-18
    780.00  3.08E-18
    790.00  3.05E-18
    800.00  3.01E-18
    810.00  2.98E-18
    820.00  2.95E-18
    830.00  2.92E-18
    840.00  2.89E-18
    843.44  2.88E-18
    843.45  2.88E-18
    850.00  2.86E-18
    860.00  2.83E-18
    870.00  2.81E-18
    880.00  2.78E-18
    890.00  2.75E-18
    900.00  2.72E-18
    910.00  2.70E-18
    920.00  2.67E-18
    930.00  2.64E-18
    940.00  2.62E-18
    950.00  2.59E-18
    960.00  2.57E-18
    970.00  2.54E-18
    980.00  2.52E-18
    990.00  2.49E-18
   1000.00  2.47E-18
   1010.00  2.45E-18
   1020.00  2.42E-18
   1030.00  2.40E-18
   1040.00  2.38E-18
   1050.00  2.36E-18
   1060.00  2.34E-18
   1070.00  2.32E-18
   1080.00  2.30E-18
   1090.00  2.28E-18
   1100.00  2.26E-18
   1110.00  2.24E-18
   1120.00  2.22E-18
   1130.00  2.20E-18
   1140.00  2.18E-18
   1150.00  2.17E-18
   1160.00  2.15E-18
   1170.00  2.13E-18
   1180.00  2.12E-18
   1190.00  2.11E-18
   1200.00  2.09E-18
   1210.00  2.08E-18
   1220.00  2.07E-18
   1230.00  2.06E-18
   1240.00  2.05E-18
   1250.00  2.04E-18
   1260.00  2.03E-18
   1270.00  2.03E-18
   1280.00  2.02E-18
   1290.00  2.02E-18
   1300.00  2.02E-18
   1310.00  2.02E-18
   1320.00  2.03E-18
   1330.00  2.03E-18
   1340.00  2.04E-18
   1350.00  2.06E-18
   1360.00  2.07E-18
   1370.00  2.10E-18
   1380.00  2.12E-18
   1390.00  2.15E-18
   1400.00  2.19E-18
   1410.00  2.24E-18
   1420.00  2.29E-18
   1430.00  2.35E-18
   1440.00  2.43E-18
   1450.00  2.52E-18
   1460.00  2.63E-18
   1470.00  2.76E-18
   1480.00  2.91E-18
   1490.00  3.10E-18
   1500.00  3.33E-18
   1510.00  3.61E-18
   1520.00  3.95E-18
   1530.00  4.39E-18
   1540.00  4.95E-18
   1550.00  5.67E-18
   1560.00  6.65E-18
   1569.04  7.84E-18
  0
***
       171      0.00   1576.62 Co       Co^+         2
        
      0.10  1.13E-23
      1.60  3.54E-20
      1.61  4.48E-21
     10.00  5.77E-19
     13.19  1.08E-18
     13.20  9.44E-19
     15.50  1.33E-18
     15.51  1.84E-19
     20.00  3.25E-19
     30.00  7.64E-19
     40.00  1.33E-18
     50.00  1.98E-18
     60.00  2.65E-18
     70.00  3.33E-18
     80.00  3.97E-18
     90.00  4.58E-18
    100.00  5.15E-18
    107.81  5.56E-18
    107.82  5.25E-18
    110.00  5.37E-18
    120.00  5.88E-18
    130.00  6.39E-18
    140.00  6.93E-18
    150.00  7.51E-18
    160.00  8.16E-18
    169.84  8.90E-18
    169.85  7.63E-18
    170.00  7.64E-18
    180.00  7.97E-18
    190.00  8.27E-18
    200.00  8.51E-18
    210.00  8.72E-18
    220.00  8.89E-18
    230.00  9.02E-18
    240.00  9.11E-18
    250.00  9.17E-18
    260.00  9.20E-18
    270.00  9.20E-18
    280.00  9.17E-18
    290.00  9.12E-18
    300.00  9.05E-18
    310.00  8.96E-18
    320.00  8.85E-18
    330.00  8.73E-18
    340.00  8.59E-18
    350.00  8.44E-18
    360.00  8.28E-18
    370.00  8.11E-18
    380.00  7.93E-18
    390.00  7.75E-18
    400.00  7.56E-18
    410.00  7.37E-18
    420.00  7.17E-18
    430.00  6.98E-18
    440.00  6.78E-18
    450.00  6.59E-18
    460.00  6.40E-18
    470.00  6.21E-18
    480.00  6.03E-18
    490.00  5.84E-18
    500.00  5.67E-18
    510.00  5.50E-18
    520.00  5.33E-18
    530.00  5.17E-18
    540.00  5.02E-18
    550.00  4.88E-18
    560.00  4.75E-18
    570.00  4.62E-18
    580.00  4.50E-18
    590.00  4.39E-18
    600.00  4.29E-18
    610.00  4.20E-18
    620.00  4.12E-18
    630.00  4.05E-18
    640.00  3.99E-18
    650.00  3.94E-18
    660.00  3.91E-18
    670.00  3.88E-18
    680.00  3.86E-18
    690.00  3.86E-18
    700.00  3.86E-18
    710.00  3.88E-18
    720.00  3.91E-18
    730.00  3.95E-18
    740.00  4.00E-18
    750.00  4.06E-18
    760.00  4.13E-18
    770.00  4.22E-18
    780.00  4.31E-18
    784.72  4.36E-18
    784.73  2.02E-20
    790.00  1.87E-20
    800.00  1.61E-20
    810.00  1.36E-20
    820.00  1.13E-20
    830.00  9.21E-21
    840.00  7.35E-21
    850.00  5.71E-21
    860.00  4.32E-21
    870.00  3.19E-21
    880.00  2.34E-21
    890.00  1.77E-21
    900.00  1.51E-21
    910.00  1.57E-21
    920.00  1.96E-21
    930.00  2.70E-21
    940.00  3.81E-21
    950.00  5.29E-21
    960.00  7.18E-21
    970.00  9.47E-21
    980.00  1.22E-20
    990.00  1.54E-20
   1000.00  1.90E-20
   1010.00  2.31E-20
   1020.00  2.77E-20
   1030.00  3.28E-20
   1040.00  3.84E-20
   1050.00  4.46E-20
   1060.00  5.13E-20
   1070.00  5.87E-20
   1080.00  6.66E-20
   1090.00  7.51E-20
   1100.00  8.42E-20
   1110.00  9.40E-20
   1120.00  1.04E-19
   1130.00  1.16E-19
   1140.00  1.27E-19
   1150.00  1.40E-19
   1160.00  1.53E-19
   1170.00  1.67E-19
   1180.00  1.82E-19
   1190.00  1.98E-19
   1200.00  2.14E-19
   1210.00  2.31E-19
   1220.00  2.49E-19
   1230.00  2.68E-19
   1240.00  2.88E-19
   1250.00  3.09E-19
   1260.00  3.31E-19
   1270.00  3.53E-19
   1280.00  3.77E-19
   1290.00  4.01E-19
   1300.00  4.27E-19
   1310.00  4.53E-19
   1320.00  4.81E-19
   1330.00  5.09E-19
   1340.00  5.39E-19
   1350.00  5.70E-19
   1360.00  6.02E-19
   1370.00  6.35E-19
   1380.00  6.69E-19
   1390.00  7.04E-19
   1400.00  7.41E-19
   1410.00  7.78E-19
   1420.00  8.17E-19
   1430.00  8.57E-19
   1440.00  8.99E-19
   1450.00  9.42E-19
   1460.00  9.86E-19
   1470.00  1.03E-18
   1480.00  1.08E-18
   1490.00  1.13E-18
   1500.00  1.18E-18
   1510.00  1.23E-18
   1520.00  1.28E-18
   1530.00  1.33E-18
   1540.00  1.39E-18
   1550.00  1.45E-18
   1560.00  1.50E-18
   1570.00  1.56E-18
   1576.62  1.60E-18
  0
***
       176      0.00   1623.48 Ni       Ni^+         2
        
      0.10  1.33E-23
      1.49  3.27E-20
      1.50  4.19E-21
     10.00  6.52E-19
     12.11  1.00E-18
     12.12  8.76E-19
     14.15  1.22E-18
     14.16  1.74E-19
     20.00  3.83E-19
     30.00  9.11E-19
     40.00  1.60E-18
     50.00  2.37E-18
     60.00  3.16E-18
     70.00  3.93E-18
     80.00  4.64E-18
     90.00  5.29E-18
     99.19  5.84E-18
     99.20  5.55E-18
    100.00  5.59E-18
    110.00  6.14E-18
    120.00  6.67E-18
    130.00  7.20E-18
    140.00  7.76E-18
    150.00  8.40E-18
    151.20  8.48E-18
    151.21  7.56E-18
    160.00  7.86E-18
    170.00  8.15E-18
    180.00  8.39E-18
    190.00  8.58E-18
    200.00  8.73E-18
    210.00  8.84E-18
    220.00  8.91E-18
    230.00  8.95E-18
    240.00  8.96E-18
    250.00  8.94E-18
    260.00  8.91E-18
    270.00  8.85E-18
    280.00  8.77E-18
    290.00  8.68E-18
    300.00  8.57E-18
    310.00  8.45E-18
    320.00  8.33E-18
    330.00  8.19E-18
    340.00  8.05E-18
    350.00  7.90E-18
    360.00  7.74E-18
    370.00  7.58E-18
    380.00  7.42E-18
    390.00  7.26E-18
    400.00  7.09E-18
    410.00  6.93E-18
    420.00  6.76E-18
    430.00  6.59E-18
    440.00  6.43E-18
    450.00  6.26E-18
    460.00  6.10E-18
    470.00  5.94E-18
    480.00  5.78E-18
    490.00  5.62E-18
    500.00  5.47E-18
    510.00  5.31E-18
    520.00  5.16E-18
    530.00  5.01E-18
    540.00  4.87E-18
    550.00  4.73E-18
    560.00  4.59E-18
    570.00  4.45E-18
    580.00  4.32E-18
    590.00  4.19E-18
    600.00  4.06E-18
    610.00  3.93E-18
    620.00  3.81E-18
    630.00  3.69E-18
    640.00  3.58E-18
    650.00  3.46E-18
    660.00  3.35E-18
    670.00  3.25E-18
    680.00  3.14E-18
    690.00  3.04E-18
    700.00  2.94E-18
    710.00  2.85E-18
    720.00  2.75E-18
    729.32  2.67E-18
    729.33  1.97E-20
    730.00  1.96E-20
    740.00  1.68E-20
    750.00  1.43E-20
    760.00  1.19E-20
    770.00  9.78E-21
    780.00  7.85E-21
    790.00  6.17E-21
    800.00  4.73E-21
    810.00  3.57E-21
    820.00  2.70E-21
    830.00  2.13E-21
    840.00  1.88E-21
    850.00  1.97E-21
    860.00  2.42E-21
    870.00  3.24E-21
    880.00  4.45E-21
    890.00  6.07E-21
    900.00  8.11E-21
    910.00  1.06E-20
    920.00  1.36E-20
    930.00  1.70E-20
    940.00  2.09E-20
    950.00  2.54E-20
    960.00  3.04E-20
    970.00  3.59E-20
    980.00  4.20E-20
    990.00  4.87E-20
   1000.00  5.61E-20
   1010.00  6.40E-20
   1020.00  7.26E-20
   1030.00  8.19E-20
   1040.00  9.19E-20
   1050.00  1.03E-19
   1060.00  1.14E-19
   1070.00  1.26E-19
   1080.00  1.39E-19
   1090.00  1.53E-19
   1100.00  1.67E-19
   1110.00  1.83E-19
   1120.00  1.99E-19
   1130.00  2.16E-19
   1140.00  2.34E-19
   1150.00  2.53E-19
   1160.00  2.73E-19
   1170.00  2.94E-19
   1180.00  3.15E-19
   1190.00  3.38E-19
   1200.00  3.62E-19
   1210.00  3.87E-19
   1220.00  4.13E-19
   1230.00  4.40E-19
   1240.00  4.68E-19
   1250.00  4.97E-19
   1260.00  5.27E-19
   1270.00  5.59E-19
   1280.00  5.92E-19
   1290.00  6.26E-19
   1300.00  6.61E-19
   1310.00  6.98E-19
   1320.00  7.35E-19
   1330.00  7.75E-19
   1340.00  8.15E-19
   1350.00  8.57E-19
   1360.00  9.00E-19
   1370.00  9.45E-19
   1380.00  9.91E-19
   1390.00  1.04E-18
   1400.00  1.09E-18
   1410.00  1.14E-18
   1420.00  1.19E-18
   1430.00  1.24E-18
   1440.00  1.30E-18
   1450.00  1.35E-18
   1460.00  1.41E-18
   1470.00  1.47E-18
   1480.00  1.53E-18
   1490.00  1.60E-18
   1500.00  1.66E-18
   1510.00  1.73E-18
   1520.00  1.80E-18
   1530.00  1.87E-18
   1540.00  1.94E-18
   1550.00  2.01E-18
   1560.00  2.09E-18
   1570.00  2.17E-18
   1580.00  2.25E-18
   1590.00  2.33E-18
   1600.00  2.41E-18
   1610.00  2.50E-18
   1620.00  2.59E-18
   1623.48  2.62E-18
  0
***
       174      0.00   1604.78 Cu       Cu^+         2
        
      0.10  1.56E-23
      1.38  2.93E-20
      1.39  3.92E-21
     10.00  7.33E-19
     11.21  9.49E-19
     11.22  8.36E-19
     13.09  1.19E-18
     13.10  1.66E-19
     20.00  4.39E-19
     30.00  1.04E-18
     40.00  1.81E-18
     50.00  2.67E-18
     60.00  3.54E-18
     70.00  4.37E-18
     80.00  5.15E-18
     90.00  5.87E-18
     96.26  6.29E-18
     96.27  6.03E-18
    100.00  6.28E-18
    110.00  6.92E-18
    120.00  7.57E-18
    130.00  8.24E-18
    140.00  8.99E-18
    149.38  8.58E-18
    149.39  8.58E-18
    150.00  8.60E-18
    160.00  8.99E-18
    170.00  9.32E-18
    180.00  9.59E-18
    190.00  9.82E-18
    200.00  1.00E-17
    210.00  1.02E-17
    220.00  1.03E-17
    230.00  1.03E-17
    240.00  1.04E-17
    250.00  1.04E-17
    260.00  1.04E-17
    270.00  1.04E-17
    280.00  1.04E-17
    290.00  1.03E-17
    300.00  1.03E-17
    310.00  1.02E-17
    320.00  1.01E-17
    330.00  1.00E-17
    340.00  9.94E-18
    350.00  9.84E-18
    360.00  9.74E-18
    370.00  9.63E-18
    380.00  9.52E-18
    390.00  9.41E-18
    400.00  9.29E-18
    410.00  9.18E-18
    420.00  9.07E-18
    430.00  8.95E-18
    440.00  8.84E-18
    450.00  8.73E-18
    460.00  8.61E-18
    470.00  8.51E-18
    480.00  8.40E-18
    490.00  8.29E-18
    500.00  8.19E-18
    510.00  8.09E-18
    520.00  7.99E-18
    530.00  7.89E-18
    540.00  7.79E-18
    550.00  7.70E-18
    560.00  7.61E-18
    570.00  7.52E-18
    580.00  7.44E-18
    590.00  7.36E-18
    600.00  7.28E-18
    610.00  7.20E-18
    620.00  7.12E-18
    630.00  7.05E-18
    640.00  6.98E-18
    650.00  6.91E-18
    660.00  6.85E-18
    670.00  6.78E-18
    680.00  6.72E-18
    690.00  6.66E-18
    700.00  6.60E-18
    710.00  6.55E-18
    720.00  6.50E-18
    730.00  6.45E-18
    740.00  6.40E-18
    750.00  6.35E-18
    760.00  6.31E-18
    770.00  6.26E-18
    780.00  6.22E-18
    790.00  6.18E-18
    800.00  6.14E-18
    810.00  6.11E-18
    820.00  6.07E-18
    830.00  6.04E-18
    840.00  6.01E-18
    850.00  5.98E-18
    860.00  5.95E-18
    870.00  5.92E-18
    880.00  5.89E-18
    890.00  5.87E-18
    900.00  5.85E-18
    910.00  5.82E-18
    920.00  5.80E-18
    930.00  5.78E-18
    940.00  5.76E-18
    950.00  5.75E-18
    960.00  5.73E-18
    970.00  5.71E-18
    980.00  5.70E-18
    990.00  5.69E-18
   1000.00  5.67E-18
   1010.00  5.66E-18
   1020.00  5.65E-18
   1030.00  5.64E-18
   1040.00  5.63E-18
   1050.00  5.62E-18
   1060.00  5.62E-18
   1070.00  5.61E-18
   1080.00  5.60E-18
   1090.00  5.60E-18
   1100.00  5.59E-18
   1110.00  5.59E-18
   1120.00  5.59E-18
   1130.00  5.59E-18
   1140.00  5.59E-18
   1150.00  5.59E-18
   1160.00  5.59E-18
   1165.27  8.23E-20
   1165.28  8.23E-20
   1170.00  8.53E-20
   1180.00  9.20E-20
   1190.00  9.90E-20
   1200.00  1.06E-19
   1210.00  1.14E-19
   1220.00  1.22E-19
   1230.00  1.30E-19
   1240.00  1.39E-19
   1250.00  1.48E-19
   1260.00  1.58E-19
   1270.00  1.67E-19
   1280.00  1.78E-19
   1290.00  1.88E-19
   1300.00  1.99E-19
   1310.00  2.11E-19
   1320.00  2.23E-19
   1330.00  2.35E-19
   1340.00  2.48E-19
   1350.00  2.61E-19
   1360.00  2.75E-19
   1370.00  2.89E-19
   1380.00  3.03E-19
   1390.00  3.18E-19
   1400.00  3.34E-19
   1410.00  3.50E-19
   1420.00  3.66E-19
   1430.00  3.83E-19
   1440.00  4.01E-19
   1450.00  4.19E-19
   1460.00  4.37E-19
   1470.00  4.57E-19
   1480.00  4.76E-19
   1490.00  4.96E-19
   1500.00  5.17E-19
   1510.00  5.39E-19
   1520.00  5.60E-19
   1530.00  5.83E-19
   1540.00  6.06E-19
   1550.00  6.30E-19
   1560.00  6.54E-19
   1570.00  6.79E-19
   1580.00  7.05E-19
   1590.00  7.31E-19
   1600.00  7.58E-19
   1604.78  7.71E-19
  0
***
       145      0.00   1319.83 Zn       Zn^+         2
        
      0.10  1.80E-23
      1.28  2.82E-20
      1.29  3.69E-21
     10.00  8.14E-19
     10.31  8.70E-19
     10.32  7.60E-19
     11.96  1.05E-18
     11.97  1.58E-19
     20.00  5.18E-19
     30.00  1.22E-18
     40.00  2.10E-18
     50.00  3.06E-18
     60.00  4.01E-18
     70.00  4.90E-18
     80.00  5.72E-18
     85.51  6.13E-18
     85.52  5.87E-18
     90.00  6.19E-18
    100.00  6.87E-18
    110.00  7.52E-18
    120.00  8.17E-18
    127.82  8.72E-18
    127.83  8.03E-18
    130.00  8.13E-18
    140.00  8.53E-18
    150.00  8.86E-18
    160.00  9.10E-18
    170.00  9.28E-18
    180.00  9.39E-18
    190.00  9.45E-18
    200.00  9.46E-18
    210.00  9.42E-18
    220.00  9.34E-18
    230.00  9.23E-18
    240.00  9.09E-18
    250.00  8.93E-18
    260.00  8.75E-18
    270.00  8.55E-18
    280.00  8.34E-18
    290.00  8.12E-18
    300.00  7.89E-18
    310.00  7.66E-18
    320.00  7.42E-18
    330.00  7.19E-18
    340.00  6.95E-18
    350.00  6.72E-18
    360.00  6.49E-18
    370.00  6.27E-18
    380.00  6.06E-18
    390.00  5.85E-18
    400.00  5.65E-18
    410.00  5.46E-18
    420.00  5.27E-18
    430.00  5.10E-18
    440.00  4.94E-18
    450.00  4.78E-18
    460.00  4.64E-18
    470.00  4.51E-18
    480.00  4.39E-18
    490.00  4.28E-18
    500.00  4.18E-18
    510.00  4.09E-18
    520.00  4.02E-18
    530.00  3.95E-18
    540.00  3.90E-18
    550.00  3.85E-18
    560.00  3.82E-18
    570.00  3.79E-18
    580.00  3.78E-18
    590.00  3.78E-18
    600.00  3.79E-18
    610.00  3.80E-18
    620.00  3.83E-18
    630.00  3.87E-18
    640.00  3.92E-18
    650.00  3.97E-18
    660.00  4.03E-18
    670.00  4.11E-18
    680.00  4.19E-18
    690.00  4.28E-18
    700.00  4.38E-18
    710.00  4.48E-18
    716.68  4.56E-18
    716.69  2.64E-21
    720.00  2.38E-21
    730.00  1.85E-21
    740.00  1.70E-21
    750.00  1.93E-21
    760.00  2.59E-21
    770.00  3.68E-21
    780.00  5.25E-21
    790.00  7.30E-21
    800.00  9.86E-21
    810.00  1.30E-20
    820.00  1.66E-20
    830.00  2.09E-20
    840.00  2.57E-20
    850.00  3.12E-20
    860.00  3.74E-20
    870.00  4.42E-20
    880.00  5.18E-20
    890.00  6.01E-20
    900.00  6.92E-20
    910.00  7.90E-20
    920.00  8.97E-20
    930.00  1.01E-19
    940.00  1.14E-19
    950.00  1.27E-19
    960.00  1.41E-19
    970.00  1.56E-19
    980.00  1.73E-19
    990.00  1.90E-19
   1000.00  2.08E-19
   1010.00  2.27E-19
   1020.00  2.48E-19
   1030.00  2.69E-19
   1040.00  2.92E-19
   1050.00  3.16E-19
   1060.00  3.41E-19
   1070.00  3.67E-19
   1080.00  3.95E-19
   1090.00  4.24E-19
   1100.00  4.54E-19
   1110.00  4.85E-19
   1120.00  5.18E-19
   1130.00  5.53E-19
   1140.00  5.89E-19
   1150.00  6.26E-19
   1160.00  6.65E-19
   1170.00  7.05E-19
   1180.00  7.48E-19
   1190.00  7.91E-19
   1200.00  8.36E-19
   1210.00  8.83E-19
   1220.00  9.32E-19
   1230.00  9.83E-19
   1240.00  1.03E-18
   1250.00  1.09E-18
   1260.00  1.14E-18
   1270.00  1.20E-18
   1280.00  1.26E-18
   1290.00  1.32E-18
   1300.00  1.39E-18
   1310.00  1.45E-18
   1319.83  1.52E-18
  0
***
