       0  1.84e-01
       2  5.53e+01
       4  4.61e+03
       6  5.16e+04
       8  3.32e+05
      10  4.91e+05
      40  1.73e+07
      50  3.06e+07
      60  1.80e+07
      70  1.64e+07
      80  1.98e+07
      90  1.53e+07
     100  8.76e+06
     110  4.18e+06
     120  2.67e+06
     128  2.82e+07
     153  1.08e+08
     176  4.07e+08
     205  1.72e+08
     231  1.05e+08
     270  6.98e+07
     280  1.36e+08
     300  5.78e+08
     320  1.15e+08
     340  3.52e+07
     360  2.21e+08
     370  1.13e+07
     400  1.77e+07
     430  1.00e+07
     460  1.80e+07
     480  3.56e+07
     500  5.06e+07
     520  1.94e+07
     540  2.73e+07
     560  3.90e+06
     580  7.34e+07
     600  3.85e+07
     620  1.67e+08
     630  3.40e+06
     680  1.72e+07
     710  8.43e+06
     740  2.54e+07
     770  7.38e+07
     800  4.61e+07
     830  1.16e+08
     860  1.55e+08
     890  2.70e+08
     911  1.77e+07
     920  3.46e+07
     930  8.64e+07
     940  8.79e+07
     950  1.54e+07
     960  1.66e+07
     970  8.93e+08
     980  8.49e+07
     995  1.76e+07
    1007  1.75e+07
    1017  5.38e+08
    1027  4.18e+08
    1035  2.49e+08
    1045  1.78e+07
    1057  1.78e+07
    1070  1.86e+07
    1080  1.02e+08
    1090  1.86e+07
    1100  1.86e+07
    1110  1.86e+07
    1120  8.82e+07
    1130  1.91e+07
    1140  1.91e+07
    1150  1.91e+07
    1157  1.91e+07
    1163  2.15e+07
    1170  6.47e+07
    1176  2.70e+07
    1183  3.14e+07
    1190  4.04e+07
    1198  4.82e+07
    1205  1.88e+08
    1212  6.70e+10
    1220  9.31e+08
    1227  2.66e+08
    1235  3.60e+08
    1242  2.58e+08
    1250  2.76e+08
    1258  6.08e+08
    1266  2.07e+08
    1274  2.47e+08
    1282  1.82e+08
    1290  1.81e+08
    1299  1.30e+09
    1307  3.48e+08
    1316  2.86e+08
    1324  3.78e+08
    1333  2.12e+09
    1342  3.41e+08
    1351  5.29e+08
    1360  3.87e+08
    1370  4.43e+08
    1379  4.51e+08
    1389  5.30e+08
    1408  6.67e+08
    1428  8.08e+08
    1449  1.12e+09
    1470  1.35e+09
    1492  1.45e+09
    1515  1.57e+09
    1538  1.85e+09
    1562  2.29e+09
    1587  2.92e+09
    1613  2.39e+09
    1639  4.76e+09
    1667  6.98e+09
    1695  8.60e+09
    1724  1.03e+10
    1739  1.31e+10
    1754  1.57e+10
    1770  1.76e+10
    1786  1.94e+10
    1802  2.09e+10
    1818  2.39e+10
    1835  2.78e+10
    1852  3.10e+10
    1869  3.51e+10
    1887  3.90e+10
    1905  4.30e+10
    1923  5.52e+10
    1942  6.98e+10
    1961  5.56e+10
    1980  6.27e+10
    2000  7.52e+10
    2020  8.91e+10
    2041  1.01e+11
    2062  1.19e+11
    2083  2.37e+11
    2105  3.17e+11
    2128  4.28e+11
    2150  3.58e+11
    2174  5.10e+11
    2198  5.18e+11
    2222  7.22e+11
    2247  6.28e+11
    2273  7.69e+11
    2299  9.07e+11
    2326  8.46e+11
    2353  8.05e+11
    2381  8.16e+11
    2410  8.79e+11
    2439  9.24e+11
    2469  9.38e+11
    2500  9.58e+11
    2532  1.25e+12
    2564  2.17e+12
    2597  1.25e+12
    2632  3.23e+12
    2667  3.52e+12
    2703  3.17e+12
    2740  3.16e+12
    2778  3.57e+12
    2817  4.25e+12
    2857  5.97e+12
    2899  9.38e+12
    2941  9.07e+12
    2985  8.58e+12
    3030  1.08e+13
    3077  1.23e+13
    3125  1.21e+13
    3175  1.39e+13
    3225  1.62e+13
    3275  1.94e+13
    3325  1.79e+13
    3375  1.89e+13
    3425  2.02e+13
    3475  2.06e+13
    3525  2.06e+13
    3575  2.08e+13
    3625  2.36e+13
    3675  2.46e+13
    3725  2.48e+13
    3775  2.34e+13
    3825  2.22e+13
    3875  2.18e+13
    3925  2.38e+13
    3975  3.08e+13
    4025  3.80e+13
    4075  3.98e+13
    4125  3.98e+13
    4175  4.04e+13
    4225  4.02e+13
    4275  3.88e+13
    4325  3.96e+13
    4375  4.50e+13
    4425  4.78e+13
    4475  4.96e+13
    4525  4.98e+13
    4575  4.96e+13
    4625  5.00e+13
    4675  5.10e+13
    4725  5.22e+13
    4775  5.18e+13
    4825  4.92e+13
    4875  4.88e+13
    4925  5.06e+13
    4975  4.96e+13
    5025  4.98e+13
    5075  5.00e+13
    5125  4.86e+13
    5175  4.86e+13
    5225  5.04e+13
    5275  5.16e+13
    5325  5.28e+13
    5375  5.34e+13
    5425  5.40e+13
    5475  5.36e+13
    5525  5.32e+13
    5575  5.32e+13
    5625  5.34e+13
    5675  5.34e+13
    5725  5.38e+13
    5775  5.42e+13
    5825  5.42e+13
    5875  5.42e+13
    5925  5.44e+13
    5975  5.44e+13
    6025  5.42e+13
    6075  5.40e+13
    6125  5.40e+13
    6175  5.40e+13
    6225  5.38e+13
    6275  5.36e+13
    6325  5.34e+13
    6375  5.32e+13
    6425  5.30e+13
    6475  5.27e+13
    6550  5.22e+13
    6650  5.18e+13
    6750  5.14e+13
    6850  5.09e+13
    6950  5.04e+13
    7050  4.99e+13
    7150  4.94e+13
    7250  4.90e+13
    7350  4.83e+13
    7450  4.80e+13
    7550  4.67e+13
    7650  4.59e+13
    7750  4.68e+13
    7850  4.54e+13
    7950  4.60e+13
    8050  4.53e+13
    8150  4.41e+13
    8250  4.34e+13
    8350  4.31e+13
    8450  4.03e+13
    8550  4.33e+13
    8650  4.25e+13
    8750  4.27e+13
    8850  4.23e+13
    8950  4.13e+13
    9050  4.01e+13
    9150  3.89e+13
    9250  3.88e+13
    9350  3.78e+13
    9450  3.76e+13
    9550  3.72e+13
    9650  3.72e+13
    9750  3.79e+13
    9850  3.79e+13
    9950  3.74e+13
   10150  3.52e+13
   10750  3.36e+13
   11250  3.20e+13
   11750  3.00e+13
   12250  2.96e+13
   12750  2.86e+13
   13250  2.64e+13
   13750  2.50e+13
   14250  2.32e+13
   14750  2.24e+13
   15250  2.14e+13
   15750  1.99e+13
   16250  1.94e+13
   16750  1.84e+13
   17250  1.65e+13
   17750  1.54e+13
   18250  1.39e+13
   18750  1.30e+13
   19250  1.24e+13
   19750  1.19e+13
   20375  9.87e+12
   21500  8.28e+12
   22500  7.33e+12
   23500  6.83e+12
   24500  6.07e+12
   25500  5.50e+12
   26500  4.96e+12
   27500  4.51e+12
   28500  4.09e+12
   29500  3.74e+12
   30500  3.40e+12
   31500  3.18e+12
   32500  2.87e+12
   33500  2.70e+12
   34500  2.47e+12
   35500  2.31e+12
   36500  2.14e+12
   37500  2.01e+12
   38500  1.87e+12
   39500  1.71e+12
   40500  1.60e+12
   41500  1.48e+12
   42500  1.41e+12
   43500  1.33e+12
   44500  1.25e+12
   45500  1.16e+12
   46500  1.06e+12
   47500  9.67e+11
   48500  9.25e+11
   49500  8.74e+11
   52750  5.50e+11
   65000  3.35e+11
   75000  2.22e+11
   85000  1.59e+11
   95000  1.01e+11
  140000  0.00e+00
