 1                                                 H       
 Lambda          Hi      
    0.0          3.68E-28
    2.0          1.61E-23
    4.0          3.34E-21
    6.0          1.28E-19
    8.0          1.51E-18
   10.0          8.22E-17
   40.0          1.39E-14
   50.0          4.64E-14
   60.0          4.64E-14
   70.0          6.62E-14
   80.0          1.18E-13
   90.0          1.30E-13
  100.0          1.01E-13
  110.0          6.42E-14
  120.0          5.16E-14
  128.0          8.08E-13
  153.0          4.99E-12
  176.0          2.94E-11
  205.0          1.86E-11
  231.0          1.72E-11
  270.0          1.50E-11
  280.0          3.42E-11
  300.0          1.77E-10
  320.0          4.23E-11
  340.0          1.54E-11
  360.0          1.09E-10
  370.0          6.49E-12
  400.0          1.26E-11
  430.0          8.70E-12
  460.0          1.83E-11
  480.0          4.07E-11
  500.0          6.50E-11
  520.0          2.76E-11
  540.0          4.32E-11
  560.0          6.82E-12
  580.0          1.42E-10
  600.0          8.15E-11
  620.0          3.78E-10
  630.0          8.77E-12
  680.0          5.21E-11
  710.0          2.87E-11
  740.0          9.64E-11
  770.0          3.11E-10
  800.0          2.15E-10
  830.0          5.97E-10
  860.0          8.75E-10
  890.0          1.65E-09
  911.0          9.28E-12
  920.0
 Rate Coeffs. =  5.13E-09
